kgp15297216_A rs3094315_A rs3131972_G kgp15557302_G rs1048488_A kgp15286661_A kgp3393353_A rs12562034_A kgp8007905_A kgp3709449_A kgp4694446_A kgp5225889_A kgp12142302_A kgp364459_A kgp15870537_G kgp6654013_G kgp15469802_G kgp9890149_G kgp15426998_C rs11240777_G rs4245756_A kgp4897972_A kgp5474551_A kgp15370487_G kgp5074587_G kgp22772061_G kgp10636897_A kgp2139601_A kgp15671822_A kgp5916442_A kgp7615476_G kgp10122298_C kgp2027543_C kgp4539943_A rs4475691_A kgp8041564_A kgp12109133_A kgp3324955_A kgp11435978_A kgp5226443_A kgp15406429_A kgp5182868_A kgp522569_G rs13302982_G 
0 1 1 1 2 NA 0 1 0 0 0 2 0 0 0 0 0 0 0 1 1 0 0 0 2 1 0 0 0 0 1 0 0 1 0 0 2 0 2 0 0 2 1 1 
0 1 1 0 1 0 0 1 0 1 1 1 0 0 0 0 0 0 0 1 1 0 0 1 1 1 0 1 0 0 1 0 0 2 0 0 2 0 2 0 0 1 0 0 
0 1 1 0 1 2 0 0 1 0 0 1 0 0 NA 0 1 0 1 0 0 0 1 0 1 0 0 0 0 1 1 0 0 1 0 0 1 0 1 0 0 0 1 1 
1 1 1 0 1 0 0 0 0 1 1 NA 0 1 0 0 0 0 0 0 1 0 0 0 0 0 0 1 0 0 0 1 0 0 2 0 0 2 0 2 2 0 0 0 
2 0 0 0 0 0 1 0 1 2 0 0 0 0 0 1 0 0 0 1 0 1 1 1 1 0 0 1 0 0 2 0 1 1 1 1 0 1 0 2 1 0 1 1 
0 1 1 1 1 0 0 0 0 0 0 2 0 1 0 0 0 0 0 1 0 0 0 1 1 0 0 1 0 0 1 0 1 1 0 1 0 0 0 2 0 0 2 2 
0 2 1 1 2 NA 0 0 1 0 1 2 0 0 0 0 0 0 1 0 0 0 0 0 0 0 0 1 0 0 1 0 0 0 1 0 2 0 2 0 0 1 0 0 
0 1 0 0 1 0 0 0 1 1 0 1 0 0 0 0 0 0 0 0 0 0 0 0 1 0 0 1 0 0 2 0 1 1 1 1 0 1 0 1 0 0 1 1 
0 0 0 0 0 0 0 0 1 2 0 0 0 0 0 0 0 0 0 0 0 0 0 0 0 0 0 2 0 0 0 0 0 0 0 0 1 1 1 1 1 1 0 0 
0 1 1 0 1 2 0 0 0 0 0 1 0 0 NA 0 1 0 0 1 0 0 0 0 2 0 0 0 1 0 0 1 1 1 1 0 1 1 1 0 0 0 0 0 
0 0 0 0 0 0 0 0 1 2 0 0 0 0 0 0 0 0 0 0 1 0 0 0 0 0 0 0 0 0 0 0 1 1 0 1 1 0 1 1 0 1 1 1 
0 0 0 0 0 1 1 0 1 1 0 0 0 0 NA NA 1 0 0 1 0 1 NA 0 2 0 0 0 0 1 2 0 0 0 1 0 1 1 1 1 1 0 1 1 
0 2 2 0 2 0 0 2 0 0 1 2 0 NA 0 0 0 0 0 0 0 0 1 0 1 0 0 1 0 1 1 0 0 0 0 1 1 0 1 1 0 1 0 0 
1 1 1 1 1 0 0 0 1 1 1 1 0 0 0 0 0 0 0 0 0 0 0 1 1 0 0 1 1 0 1 1 2 2 0 1 1 0 1 1 0 0 1 1 
0 0 0 0 0 0 0 0 0 2 1 0 0 1 0 0 0 0 0 0 0 0 0 0 1 1 0 1 0 0 1 0 0 1 1 0 1 1 1 1 1 1 0 0 
0 0 0 0 0 0 0 0 0 1 0 1 1 0 0 0 0 1 1 0 0 0 0 0 0 0 0 1 0 0 1 0 2 2 0 2 0 0 0 2 0 0 1 1 
0 1 1 0 1 0 0 0 2 0 0 2 1 0 0 0 0 1 1 0 0 0 0 0 1 0 0 0 0 0 0 0 0 1 0 0 0 1 0 1 1 0 0 0 
0 1 1 1 1 0 0 0 0 1 0 1 0 0 0 0 0 0 0 0 1 0 0 0 1 0 0 1 0 0 1 0 0 0 1 0 1 1 0 1 1 0 0 1 
0 0 0 0 0 1 0 0 0 1 0 0 0 1 1 0 1 0 0 0 0 0 0 0 1 0 0 1 0 1 2 0 0 0 0 0 1 0 1 1 0 1 1 1 
0 0 0 0 0 0 0 0 0 2 0 0 0 0 0 0 0 0 0 0 0 0 0 0 1 0 0 1 0 0 1 0 1 1 0 1 1 0 1 1 0 1 1 1 
0 1 1 0 1 1 0 0 1 0 0 1 0 0 1 0 1 0 0 0 1 0 0 0 1 0 0 1 0 0 1 1 1 1 1 1 0 1 0 1 0 0 2 2 
0 1 0 0 1 0 1 0 1 1 1 1 0 0 0 1 0 0 1 1 0 1 1 0 1 0 0 0 0 0 0 0 0 1 1 0 0 1 0 0 0 0 0 0 
1 0 0 0 0 0 1 0 0 1 0 1 1 0 0 1 0 0 0 1 0 1 1 1 1 1 0 0 0 0 1 0 0 1 1 0 2 0 2 0 0 0 0 2 
0 0 0 0 0 1 0 0 1 1 0 0 0 0 1 0 1 0 0 0 0 0 0 0 1 0 0 1 0 0 1 0 0 0 1 0 0 2 0 2 2 0 0 0 
0 0 0 0 0 0 1 0 1 2 0 0 0 0 0 1 0 0 0 1 0 1 1 0 1 0 0 1 0 0 1 0 0 0 1 0 0 1 0 1 1 0 1 1 
0 1 1 0 1 0 0 0 0 1 0 1 0 0 0 0 0 0 0 1 0 0 0 0 1 0 0 0 0 0 0 1 0 0 1 0 1 1 1 0 0 1 0 1 
0 1 1 0 1 0 0 0 1 1 0 1 0 0 0 0 0 0 0 1 0 0 0 0 0 0 0 2 0 0 1 0 1 1 1 1 0 1 0 1 0 0 1 1 
0 1 0 0 1 1 0 0 0 0 0 1 0 0 1 0 1 0 0 0 0 0 0 0 2 0 0 0 1 0 1 1 0 0 1 0 1 1 1 1 1 1 0 0 
0 1 1 1 1 0 0 0 0 1 0 1 0 0 0 0 0 0 0 2 0 1 0 0 2 1 1 0 0 0 0 0 0 0 1 0 0 1 0 1 1 0 1 0 
1 1 1 0 1 0 1 1 0 1 1 1 0 0 0 NA 0 0 0 2 0 1 1 0 1 0 0 1 0 1 2 0 0 0 2 0 0 2 0 2 2 0 0 0 
0 0 0 0 0 1 0 0 0 1 0 0 0 0 1 0 1 0 0 0 0 0 0 0 1 0 0 1 1 0 1 1 2 2 1 1 1 0 1 1 0 0 1 1 
0 0 0 0 0 1 0 0 0 0 0 1 1 0 1 0 1 1 0 1 0 1 1 0 1 0 0 0 1 0 0 1 1 2 0 0 1 0 1 0 0 0 0 0 
0 1 1 0 1 0 0 1 0 1 1 1 0 0 0 0 0 0 0 1 0 0 0 0 1 0 0 0 0 0 0 0 0 0 0 0 2 0 2 0 0 2 1 1 
0 0 0 1 1 0 0 0 0 1 0 1 0 0 0 0 0 0 1 1 0 0 0 0 1 0 1 1 0 0 1 1 0 1 1 0 0 1 0 0 0 0 1 1 
1 0 0 0 0 1 0 0 1 1 0 0 0 0 1 0 1 0 0 0 0 0 1 0 2 0 0 0 1 1 1 1 1 1 0 0 2 0 2 0 0 0 1 1 
0 0 0 0 0 1 0 0 1 1 0 0 0 0 1 0 1 0 0 0 0 0 0 0 1 0 0 0 1 0 0 1 0 0 1 0 1 1 1 0 0 1 0 1 
0 1 0 0 1 0 0 0 1 1 0 1 0 0 0 0 0 0 0 0 1 0 0 0 1 1 0 1 0 0 2 0 1 2 0 1 1 0 1 1 0 1 1 1 
0 1 0 0 1 0 0 0 0 1 0 1 0 0 0 0 0 0 0 1 0 0 0 1 0 0 0 2 0 0 1 0 0 0 2 0 1 1 0 1 1 0 0 0 
0 1 0 0 1 1 0 0 1 0 1 1 0 0 1 0 1 0 1 0 0 0 0 0 0 0 0 1 0 0 0 0 0 1 0 0 0 1 0 1 1 0 0 0 
1 0 0 0 1 1 0 0 0 0 0 1 0 0 1 0 1 0 0 0 0 0 0 0 2 1 0 0 1 0 1 1 1 2 0 0 1 0 1 1 1 0 1 0 
0 0 0 1 1 0 0 0 0 0 0 2 0 0 0 0 0 0 0 1 1 0 0 0 2 1 0 0 0 0 0 0 0 0 2 0 0 1 0 1 1 0 0 0 
1 0 0 0 0 0 0 0 1 2 0 0 0 0 0 0 0 0 0 0 0 0 0 0 0 0 0 2 0 0 1 0 1 1 0 1 0 0 0 2 0 0 1 1 
0 1 1 0 1 0 0 1 0 1 0 1 0 0 0 0 0 0 0 0 0 0 0 0 0 0 0 2 0 0 1 0 1 1 0 2 0 0 0 2 0 0 1 1 
0 1 0 0 1 0 0 0 0 0 0 2 1 0 0 0 0 1 1 0 0 0 0 0 1 0 0 0 0 0 1 0 0 1 1 0 0 1 0 0 0 0 0 0 
0 0 0 0 0 0 0 0 0 2 1 0 0 0 0 0 0 0 0 0 0 0 0 0 1 0 0 1 0 0 1 0 0 0 1 0 0 2 0 2 2 0 0 0 
0 0 0 0 0 0 0 0 1 2 0 0 0 1 0 0 0 0 0 0 0 0 0 0 0 0 0 2 0 0 1 0 0 0 0 0 1 1 1 1 1 1 0 0 
0 1 1 1 1 0 0 0 0 1 0 1 0 0 0 0 0 0 0 0 0 0 0 1 0 0 0 2 0 0 2 0 2 2 1 2 0 0 0 2 0 0 1 1 
0 1 0 0 1 0 0 0 0 1 0 1 0 0 0 0 0 0 0 0 0 0 0 0 2 1 0 1 0 0 2 0 0 0 2 0 1 1 1 1 1 1 0 0 
0 1 0 0 1 0 0 0 0 1 1 1 0 0 0 0 0 0 0 0 0 0 0 0 1 0 0 1 0 0 1 0 1 1 0 1 1 0 1 1 0 1 0 0 
0 0 0 0 0 0 0 NA 0 0 0 2 2 1 0 0 0 2 1 0 0 0 0 0 1 0 0 0 0 0 0 0 0 1 1 0 0 1 0 1 1 0 1 1 
0 0 0 0 0 0 0 0 0 1 0 1 1 0 0 0 0 1 0 1 0 1 1 0 1 0 1 0 0 0 0 0 0 0 1 0 1 1 1 0 0 1 0 0 
0 1 1 0 1 0 0 1 0 1 0 1 0 1 0 0 0 0 0 0 0 0 0 0 1 1 0 1 0 0 1 0 0 1 0 0 2 0 2 0 0 2 0 0 
1 1 1 1 1 0 0 0 1 1 1 1 0 0 0 0 0 0 0 0 0 0 0 2 1 0 0 1 0 1 2 0 1 1 1 1 0 1 0 2 1 0 1 1 
0 1 0 0 1 1 0 0 1 0 0 1 0 0 1 0 1 0 0 0 0 0 0 0 1 0 0 1 0 0 0 0 0 0 1 0 1 0 1 1 0 1 1 1 
0 0 0 0 0 1 0 0 0 1 0 0 0 0 1 0 1 0 0 0 0 0 0 0 1 0 0 1 1 0 0 1 0 0 1 0 0 2 0 1 1 0 0 1 
1 0 0 0 0 0 0 0 2 1 0 1 0 0 0 0 0 0 0 0 0 0 0 0 0 0 0 1 0 0 1 0 1 1 0 1 1 0 1 1 0 1 1 1 
0 1 1 0 1 1 0 0 1 0 0 1 0 0 1 0 1 0 0 1 0 0 0 0 1 0 0 1 1 0 0 1 1 1 1 0 1 1 1 0 0 0 0 0 
0 1 0 0 1 0 0 NA 1 1 1 1 0 0 0 0 0 0 1 0 0 0 0 0 0 0 0 1 0 0 1 0 0 1 0 0 0 1 0 1 1 0 0 0 
1 1 0 0 1 0 0 0 1 1 1 1 0 0 0 0 0 1 1 1 0 1 1 0 0 0 0 0 0 0 0 0 0 2 0 0 0 0 0 0 0 0 0 0 
0 1 0 0 1 0 0 0 0 1 0 1 0 0 0 0 0 0 0 0 0 0 0 0 1 0 0 0 0 0 1 0 0 0 1 0 2 0 2 0 0 2 0 0 
0 0 0 0 0 0 0 0 1 2 0 0 0 0 0 0 0 0 0 0 1 0 0 0 1 0 0 1 0 0 2 0 1 2 0 1 0 1 0 2 1 0 1 1 
0 0 0 0 0 0 0 0 0 2 0 0 0 0 0 0 0 0 0 0 0 0 0 0 0 0 0 2 0 0 1 0 1 1 0 1 0 1 0 2 1 0 1 1 
1 1 1 0 1 0 0 1 0 1 1 1 0 0 0 0 0 0 0 0 0 0 0 1 1 0 0 1 0 0 1 0 NA 1 1 1 0 1 0 2 1 0 1 1 
0 2 2 1 2 0 0 0 1 0 0 2 0 0 0 0 0 0 0 0 0 0 0 0 1 0 0 1 0 0 0 1 0 1 0 0 0 1 0 0 0 0 1 2 
1 1 1 0 1 0 1 0 0 1 1 1 0 1 0 1 0 0 0 1 1 0 0 0 0 0 0 1 0 0 1 1 0 0 2 0 0 2 0 2 2 0 0 0 
0 1 1 0 1 0 1 1 0 1 0 1 0 0 0 1 0 0 0 1 0 1 1 0 1 0 0 0 0 0 0 0 0 2 0 0 0 0 0 1 1 0 2 1 
0 0 0 0 0 1 0 0 2 1 0 0 0 0 1 0 1 0 0 0 0 0 0 0 1 0 0 1 1 0 1 1 2 2 1 1 1 0 1 1 0 0 1 1 
0 1 1 0 1 0 0 1 0 1 0 1 0 0 0 0 0 0 0 0 0 0 0 1 1 1 0 1 0 0 1 0 0 2 0 0 2 0 2 0 0 1 0 0 
0 2 0 0 2 0 0 0 0 0 0 2 0 0 0 0 0 0 0 0 2 0 0 0 2 2 0 0 0 0 2 0 0 2 0 0 2 0 2 0 0 2 0 0 
0 1 1 0 1 0 0 0 1 0 1 2 0 0 0 0 0 0 0 2 0 0 0 0 1 0 0 1 1 0 0 1 0 0 2 0 0 1 0 0 0 0 0 0 
0 0 0 0 0 0 0 0 0 2 0 0 0 1 0 0 0 0 0 0 1 0 0 0 1 0 1 1 0 0 0 1 0 1 0 0 1 0 1 0 0 1 1 1 
0 1 1 1 1 0 0 0 0 0 0 2 1 0 0 0 0 1 1 0 1 0 0 0 1 0 0 0 0 0 0 0 0 1 0 0 0 0 0 1 0 0 1 1 
0 0 0 0 0 1 0 NA 1 1 0 0 0 0 1 0 1 0 0 0 0 0 0 0 1 0 0 1 1 0 1 1 2 2 0 0 1 0 1 1 0 0 1 1 
0 0 0 0 0 0 0 0 1 2 0 0 0 0 0 0 0 0 0 0 0 0 0 0 1 0 0 2 0 0 1 0 1 1 0 1 0 1 0 2 1 0 1 1 
0 2 1 1 2 0 0 0 1 0 0 2 0 0 0 0 0 0 0 0 0 0 0 0 1 0 0 1 0 0 1 0 1 1 1 1 1 0 0 1 0 0 1 1 
0 1 1 0 1 0 0 0 0 1 1 1 0 0 0 0 0 0 0 1 0 0 0 0 0 0 0 2 0 0 1 0 1 1 1 1 0 1 0 1 0 0 0 0 
0 2 2 0 2 0 0 2 1 0 0 2 0 0 0 0 0 0 0 1 0 0 0 1 2 1 0 0 0 0 1 0 0 1 0 0 2 0 2 0 0 1 1 2 
0 0 0 0 0 0 1 0 0 2 1 0 0 0 0 1 0 0 0 1 0 1 1 0 1 0 0 1 0 1 1 0 0 1 0 1 0 0 0 2 1 0 1 0 
0 1 1 0 1 0 0 0 0 1 1 1 0 0 0 0 0 0 0 1 0 0 0 0 0 0 0 2 0 0 0 0 0 0 2 0 0 2 0 0 0 0 0 1 
0 1 0 0 1 0 0 0 0 1 1 1 0 1 0 0 0 0 0 1 0 0 0 1 1 1 0 1 0 0 1 0 0 1 0 1 1 0 1 1 0 1 0 0 
0 2 1 0 2 0 0 1 1 0 0 2 0 0 0 0 0 0 0 0 0 0 0 0 1 0 0 1 0 1 1 0 0 0 1 1 0 1 0 2 1 0 0 0 
0 0 0 0 0 0 1 0 0 2 1 0 0 1 0 1 0 0 0 1 0 1 1 0 1 0 0 1 0 1 2 0 0 0 1 0 0 2 0 2 2 0 0 0 
0 0 0 1 1 0 0 0 0 1 0 1 0 NA 0 0 0 0 0 1 0 0 0 0 1 0 1 2 0 0 2 1 0 0 2 0 0 2 0 1 1 0 0 1 
0 0 0 0 0 0 0 0 1 0 0 2 1 0 0 0 0 1 0 0 1 0 0 0 1 0 0 1 0 0 0 0 0 0 0 0 0 1 0 2 1 0 0 0 
0 0 0 0 0 0 0 0 1 2 0 0 0 0 0 0 0 0 0 0 0 0 0 0 1 0 0 1 0 0 0 0 0 1 1 0 1 1 0 1 1 0 0 0 
0 0 0 0 1 0 1 0 0 NA 0 1 0 1 0 1 0 0 0 1 0 NA 1 0 1 0 0 1 0 0 1 0 0 0 1 0 0 2 0 1 1 0 0 0 
0 0 0 1 1 0 1 0 0 NA 0 1 0 0 0 1 0 0 0 1 0 1 1 0 2 0 1 1 0 0 2 0 0 0 2 0 1 1 1 1 1 0 0 0 
0 0 0 0 0 0 0 0 0 NA 0 1 1 0 0 0 0 1 1 0 1 0 0 0 1 1 0 0 0 0 1 0 1 2 0 1 1 0 1 1 0 0 0 0 
1 0 0 0 0 1 0 0 0 0 1 1 0 0 1 0 1 0 0 1 0 0 0 0 2 0 0 0 0 0 1 0 1 1 1 1 0 1 0 1 0 0 1 1 
0 0 0 0 0 0 1 0 0 2 0 0 0 0 0 1 0 0 0 1 0 1 1 0 1 0 0 1 0 0 2 0 1 1 1 1 0 1 0 2 1 0 1 1 
0 0 0 0 0 1 0 0 0 1 0 0 0 0 1 0 1 0 0 0 0 0 0 0 2 0 0 0 1 0 0 1 0 1 1 0 0 2 0 1 1 0 0 1 
0 0 0 0 0 0 0 0 0 1 1 1 1 1 0 0 0 1 0 0 1 0 0 0 1 0 0 1 0 0 0 0 0 0 0 NA 0 2 0 2 2 0 0 0 
1 0 0 0 0 0 1 0 0 2 1 0 0 1 0 1 0 0 0 1 0 1 1 1 1 0 0 1 0 1 2 0 1 1 1 1 0 1 0 2 1 0 1 1 
0 1 1 0 1 0 0 0 0 0 0 2 1 0 0 0 0 1 1 0 1 0 0 0 1 0 0 0 0 0 0 0 0 1 1 0 1 0 0 0 0 0 0 0 
0 1 0 0 1 0 0 0 0 0 0 2 1 1 0 0 0 1 0 0 1 0 0 1 1 0 0 0 0 0 1 0 0 0 1 0 0 2 0 1 1 0 0 0 
0 1 0 0 1 0 0 0 0 1 NA 1 0 0 0 0 0 0 1 0 0 0 0 0 0 0 0 0 0 0 0 0 0 2 0 0 0 0 0 1 1 0 0 0 
0 2 2 1 2 0 0 0 0 0 1 2 0 0 0 0 0 0 0 1 0 0 0 0 1 0 1 2 0 0 2 1 0 0 2 0 0 2 0 1 1 0 0 1 
0 1 1 0 1 1 0 1 1 0 0 1 0 1 1 0 1 0 0 1 0 0 0 0 1 0 0 0 1 0 0 1 1 1 0 0 2 0 2 0 0 1 1 1 
0 1 1 0 1 0 0 0 1 0 0 2 NA 0 0 0 0 1 1 1 0 0 0 0 0 0 0 1 0 0 0 0 0 0 1 1 0 1 0 1 0 0 0 0 
NA 1 1 1 1 0 0 0 1 0 0 2 1 1 0 0 0 1 0 1 0 NA 0 0 1 1 0 1 0 0 1 0 1 1 0 1 0 0 0 2 1 0 2 1 
0 1 1 0 1 0 0 1 0 1 0 1 0 0 0 0 0 0 0 0 0 0 0 0 0 0 0 2 0 0 0 0 0 0 0 1 0 1 0 2 NA 0 0 0 
0 1 0 0 1 0 0 NA 1 NA 0 0 0 0 0 0 0 0 0 0 0 0 0 0 0 0 0 2 0 0 1 0 1 1 0 1 0 1 0 2 1 0 1 1 
0 1 1 0 1 1 0 0 0 0 1 1 0 0 1 0 1 0 0 0 1 0 0 0 1 0 0 1 1 0 1 1 1 1 1 1 0 1 0 1 0 0 1 2 
1 2 2 1 2 0 0 1 0 0 1 2 0 1 0 0 0 0 0 0 0 0 0 1 1 1 0 1 0 0 1 0 0 1 1 0 1 0 0 1 1 0 1 0 
0 0 0 0 1 0 0 0 0 1 0 1 0 0 0 0 0 0 0 0 0 0 0 0 0 0 0 2 0 0 1 0 0 0 0 0 0 2 0 2 2 0 0 0 
1 2 2 0 2 0 0 1 1 0 0 2 0 0 0 0 0 0 0 1 1 0 0 0 1 0 0 1 0 0 2 0 0 1 1 0 1 1 1 1 1 1 0 0 
1 1 0 0 1 0 0 0 0 1 0 1 0 0 0 0 0 1 0 2 0 NA NA 0 2 0 2 1 0 0 1 1 0 1 1 0 0 1 0 1 1 0 0 1 
1 2 1 0 2 0 0 0 0 0 NA 1 0 1 0 0 0 0 0 0 1 0 0 0 0 0 0 0 0 0 0 0 0 0 0 0 2 0 2 0 0 2 0 0 
0 0 0 0 0 0 0 0 0 1 1 1 1 0 0 0 0 1 1 0 0 0 0 0 0 0 0 1 0 0 0 0 0 1 0 0 0 1 0 1 1 0 0 0 
0 1 0 0 1 0 0 0 1 1 0 1 0 0 0 0 0 0 0 0 0 0 0 0 1 0 0 0 0 0 0 0 0 0 1 0 2 0 2 0 0 2 0 0 
0 1 1 0 1 0 0 0 0 1 0 1 0 0 0 0 0 0 0 1 0 0 0 0 1 0 0 1 0 0 0 0 0 0 NA 0 1 1 1 0 0 0 0 0 
1 1 1 0 1 0 0 0 0 1 1 1 0 1 0 0 0 0 NA 0 1 0 0 0 1 0 0 0 0 0 0 1 0 2 0 0 0 1 0 1 1 0 0 0 
0 1 1 0 1 1 0 0 0 0 0 1 0 0 1 0 1 0 0 0 0 0 0 0 2 NA 0 0 1 0 1 1 1 2 0 0 2 0 2 0 0 1 0 0 
0 0 0 0 0 0 0 NA 1 2 0 0 0 0 0 0 0 0 0 0 0 0 0 0 0 0 0 2 0 0 1 0 0 0 0 0 1 1 1 1 1 1 0 0 
0 0 0 0 0 0 0 0 1 2 0 0 0 0 0 0 0 0 0 0 0 0 0 0 0 0 0 0 0 0 0 0 0 0 0 0 2 0 2 0 0 2 0 0 
0 0 0 0 0 0 0 0 1 2 0 0 0 0 0 0 0 0 0 0 0 0 0 0 0 0 0 1 0 0 1 0 1 1 0 1 1 0 1 1 0 1 1 1 
0 1 0 0 1 0 0 0 0 0 0 2 1 0 0 0 0 1 0 1 1 1 1 0 2 2 0 0 0 0 2 0 0 1 1 0 1 1 1 0 0 1 0 1 
0 2 2 1 2 0 0 1 0 0 0 2 0 0 0 0 0 0 0 1 0 0 0 0 1 0 0 1 0 0 1 0 1 1 0 1 1 0 1 1 0 1 2 2 
1 1 1 0 1 0 0 1 0 1 0 1 0 0 0 0 0 0 0 1 0 0 0 0 0 0 0 2 0 0 2 0 0 0 1 0 1 1 1 1 1 1 0 0 
0 1 1 0 1 0 0 1 1 0 0 2 1 0 0 0 0 1 1 0 0 0 0 1 1 1 0 0 0 0 1 0 0 2 0 0 1 0 1 0 0 0 0 1 
0 1 1 0 1 0 0 1 1 1 0 1 0 0 0 0 0 0 0 0 0 0 0 1 0 0 0 2 0 0 0 0 0 0 1 0 1 0 0 1 0 0 0 0 
0 1 1 0 1 0 0 1 0 1 0 1 0 0 0 0 0 0 0 0 0 0 0 0 0 0 0 2 0 0 0 0 0 NA 0 1 0 1 0 2 1 0 0 0 
0 1 1 0 1 0 0 0 0 0 0 2 1 0 0 0 0 1 1 1 0 0 0 0 0 0 0 1 0 0 0 0 1 1 1 1 0 1 0 1 NA 0 0 0 
0 0 0 0 0 0 0 0 0 2 0 0 0 0 0 0 0 0 0 0 0 0 0 0 0 0 0 2 0 0 1 0 1 1 0 1 0 1 0 2 1 0 1 1 
NA 1 1 0 1 1 0 1 0 0 0 1 0 0 1 0 1 0 0 1 0 0 0 0 1 0 0 1 1 0 1 1 1 1 1 0 1 1 1 1 1 0 0 0 
0 2 2 1 2 0 0 1 0 0 0 2 0 0 0 0 0 0 0 1 0 0 0 0 2 0 0 0 2 0 0 2 0 0 2 0 0 1 0 0 0 0 0 1 
1 0 0 0 0 0 0 0 0 1 0 1 1 1 0 0 0 1 0 0 0 0 0 0 1 1 0 1 0 0 2 0 1 2 1 0 1 1 1 0 0 1 0 1 
0 1 1 1 1 0 0 0 0 0 0 2 1 1 0 0 0 1 1 0 0 0 0 0 0 0 0 1 0 0 0 0 0 0 2 0 1 0 1 0 0 0 0 1 
0 0 0 0 0 0 0 0 1 1 0 1 1 0 0 0 0 1 2 0 0 0 0 0 0 0 0 0 0 0 0 0 0 2 0 0 0 0 0 0 0 0 0 0 
0 0 0 0 0 0 0 0 1 2 0 0 0 1 0 0 0 0 0 0 0 0 0 0 0 0 0 2 0 0 1 0 1 1 2 1 1 0 0 1 0 0 1 2 
0 0 0 0 0 1 0 0 2 1 0 0 0 0 1 0 1 0 0 0 0 0 0 0 1 0 0 1 1 0 1 1 1 1 1 0 2 0 2 0 0 1 0 0 
0 0 0 0 0 1 0 0 0 1 0 0 0 0 1 0 1 0 0 0 0 0 0 0 2 1 0 0 0 0 2 0 0 1 1 0 1 1 1 1 1 0 0 1 
1 1 1 0 1 0 0 1 1 1 0 1 0 1 0 0 0 0 0 1 0 0 0 0 0 0 0 1 0 0 1 0 0 0 1 0 1 1 1 1 1 1 0 0 
1 1 1 0 1 0 0 1 1 0 0 2 0 1 0 0 0 0 0 1 0 0 0 1 2 1 0 0 0 0 1 0 1 2 0 1 1 0 1 1 0 0 1 2 
1 1 NA 1 1 0 0 1 2 0 0 2 0 0 0 0 0 0 0 2 0 0 0 0 1 0 1 2 0 0 2 1 0 0 2 0 0 2 0 1 1 0 0 1 
0 0 0 0 0 0 0 0 1 2 0 0 0 0 0 0 0 0 0 0 0 0 0 0 1 1 0 1 0 0 1 0 0 1 0 0 1 1 1 1 1 1 0 0 
0 0 0 0 0 0 0 0 0 2 0 0 0 0 0 0 0 0 0 0 1 0 0 0 1 0 0 1 0 0 1 0 1 1 1 1 0 0 0 1 0 0 1 2 
0 1 1 0 1 0 0 0 0 1 0 1 0 0 0 0 0 0 0 0 0 0 0 0 1 0 0 0 0 0 0 1 0 0 1 0 1 1 1 0 0 1 1 1 
0 1 1 0 1 0 0 0 0 1 0 1 0 0 0 0 0 0 0 1 0 0 0 0 1 0 1 2 0 0 1 1 0 0 1 0 0 2 0 1 1 0 0 1 
0 2 1 0 2 0 0 1 0 0 0 2 0 0 0 0 0 0 0 2 0 0 0 1 1 0 0 1 0 0 1 0 1 1 0 1 1 0 1 1 0 1 2 2 
0 1 0 0 1 0 0 0 0 1 1 1 0 0 0 0 0 0 1 0 0 0 0 0 1 1 0 0 0 0 1 0 0 1 1 0 2 0 2 0 0 1 0 0 
0 0 0 0 0 0 1 0 0 2 0 0 0 0 NA 1 0 0 0 1 0 1 1 NA 1 0 0 1 0 1 1 0 0 0 1 0 0 2 0 2 2 0 0 0 
0 0 0 0 0 0 0 0 0 1 0 1 1 1 0 0 0 1 1 0 1 0 0 0 1 0 1 1 0 0 0 1 1 2 0 1 0 0 0 1 0 0 0 0 
0 0 0 0 0 1 0 0 0 1 0 0 0 0 1 0 1 0 0 0 0 0 0 0 1 0 0 0 1 0 0 1 1 1 0 0 2 0 2 0 0 1 0 0 
0 0 0 0 0 0 0 0 1 1 0 1 1 0 0 0 0 1 1 0 0 0 0 0 1 1 0 0 0 0 1 0 0 2 0 0 1 0 1 0 0 1 0 0 
0 1 0 0 1 0 1 0 1 1 1 1 0 0 0 NA 0 0 1 1 0 1 1 0 1 0 0 0 0 1 1 0 0 0 2 0 1 1 1 1 1 0 0 0 
1 1 1 0 1 0 0 1 0 1 0 1 0 0 0 0 0 0 0 1 0 0 0 0 0 0 0 2 0 0 1 0 0 0 0 0 1 1 1 1 1 1 0 0 
0 2 1 0 2 0 0 0 0 0 0 2 0 1 0 0 0 0 0 2 0 0 0 1 0 0 0 2 0 0 1 0 1 1 0 2 0 0 0 2 0 0 1 1 
0 1 0 0 1 0 1 0 0 1 0 1 0 0 0 1 0 0 0 1 0 1 1 0 2 0 0 0 0 1 2 0 0 0 2 0 0 NA 0 2 2 0 0 0 
0 0 0 0 0 0 1 0 2 2 0 0 0 0 0 1 0 0 0 1 0 1 1 0 1 0 0 1 0 1 2 0 1 1 2 1 0 1 0 2 1 0 1 1 
0 0 0 0 0 0 0 0 1 2 0 0 0 1 0 0 0 0 0 0 0 0 0 0 0 0 0 1 0 0 1 0 0 0 0 0 2 0 2 0 0 2 0 0 
0 1 1 0 1 0 0 0 0 1 0 1 0 0 0 0 0 0 0 0 0 0 0 0 1 0 0 1 0 0 1 0 0 1 1 0 1 1 1 0 0 1 0 1 
0 2 2 0 2 0 0 1 0 0 0 2 0 0 0 0 0 0 0 1 0 0 0 1 1 1 0 1 0 0 1 0 0 1 1 0 1 1 1 0 0 0 0 1 
0 2 0 0 2 0 0 0 0 0 1 2 0 0 0 0 0 0 0 1 0 0 0 0 2 0 NA 0 0 0 1 0 0 1 1 1 0 1 0 2 1 0 0 0 
1 1 1 0 1 0 0 1 0 1 0 1 0 0 0 0 0 0 0 1 0 0 0 0 0 0 0 2 0 0 2 0 1 1 2 1 0 1 0 2 1 0 1 1 
1 1 1 1 1 0 0 0 0 1 0 1 0 0 0 0 0 0 1 0 0 0 0 1 0 0 0 1 0 0 1 0 1 2 0 1 0 0 0 1 0 0 1 1 
0 1 1 0 1 0 0 1 0 1 0 1 0 0 0 0 0 0 0 0 1 0 0 0 1 0 0 1 0 0 0 0 0 0 1 0 1 1 1 1 1 1 0 0 
1 1 0 0 1 0 0 0 2 1 0 1 0 0 0 0 0 0 0 0 0 0 0 1 1 0 0 1 0 0 1 0 1 1 0 1 1 0 1 1 0 1 0 1 
0 1 1 1 1 0 0 0 0 1 0 1 0 0 0 0 0 0 0 0 1 0 0 0 1 0 0 0 0 0 1 0 0 0 1 0 2 0 2 0 0 1 0 0 
0 0 0 0 0 0 0 0 0 2 0 0 0 0 0 0 0 0 0 0 0 0 0 0 0 0 0 1 0 0 0 0 0 0 1 0 1 1 1 0 0 1 0 1 
0 0 0 0 0 0 1 0 0 1 0 1 1 1 0 1 0 1 0 1 1 1 1 0 1 0 0 0 0 0 0 0 0 0 1 0 1 1 1 1 1 0 0 1 
0 0 0 0 0 0 0 0 0 2 0 0 0 0 0 0 0 0 0 0 1 0 0 0 1 0 0 1 0 0 0 1 0 0 1 0 0 2 0 1 1 0 1 0 
0 0 0 0 0 0 0 0 0 1 1 1 1 0 0 0 0 1 0 1 0 0 0 0 1 0 0 0 0 0 0 1 0 0 1 0 2 1 1 1 1 1 0 0 
0 0 0 0 1 1 0 0 0 0 0 1 0 0 1 0 1 0 0 0 1 0 0 0 2 0 0 0 1 0 0 1 1 1 1 0 1 1 1 1 1 0 0 0 
0 1 0 0 1 0 0 0 0 1 1 1 0 0 0 0 0 0 0 0 1 0 0 0 1 1 0 0 0 0 1 0 0 1 0 0 1 0 1 0 0 1 0 0 
1 2 2 1 2 0 0 1 0 0 0 2 0 0 0 0 0 0 0 0 1 0 0 0 1 0 0 1 0 0 1 0 0 0 2 0 1 1 1 1 1 0 0 0 
0 0 0 1 1 0 0 0 0 1 0 1 0 0 0 0 0 0 0 0 1 0 0 0 1 1 0 1 0 0 2 0 0 1 0 0 2 0 2 0 0 2 0 0 
0 0 0 0 0 1 0 0 1 1 0 0 0 0 1 1 1 0 0 1 1 0 0 0 1 0 0 1 1 0 0 1 0 0 2 0 0 2 0 1 1 0 0 1 
0 1 0 0 1 1 0 0 0 0 0 1 0 1 1 0 1 0 0 1 0 0 0 0 2 0 0 0 1 0 0 2 0 1 1 0 1 1 1 1 1 1 0 0 
0 0 0 0 0 0 0 0 2 2 0 0 0 0 0 0 0 0 1 0 0 0 0 0 0 0 0 1 0 0 1 0 1 1 0 1 0 1 0 2 1 0 0 0 
0 0 0 0 0 0 0 0 1 2 1 0 0 1 0 0 0 0 0 0 0 0 0 0 0 0 0 2 0 0 0 0 0 0 0 0 0 1 0 2 1 0 0 0 
0 0 0 0 0 1 0 0 0 1 0 0 0 0 1 0 1 0 0 0 0 0 1 0 1 0 0 0 0 1 1 0 0 0 0 0 1 1 1 1 1 0 1 1 
1 0 0 0 0 0 0 0 0 2 0 0 0 0 0 0 0 0 0 0 0 0 0 1 0 0 0 2 0 0 1 0 1 1 0 1 0 1 0 2 1 0 2 1 
0 1 0 0 1 0 0 0 0 1 1 1 0 1 0 0 0 0 0 1 0 0 0 1 0 0 0 1 0 0 0 0 0 0 1 0 2 0 1 0 0 1 0 0 
0 0 0 0 0 0 2 0 2 2 0 0 0 0 0 2 0 1 0 2 0 NA NA 0 2 0 0 0 0 1 2 0 0 1 1 0 1 1 1 1 1 1 0 0 
1 0 0 1 1 0 0 0 1 1 0 1 0 0 0 0 0 0 0 1 0 0 0 1 1 0 1 2 0 0 2 1 1 1 1 1 0 1 0 1 0 0 1 1 
0 0 0 0 0 0 1 0 1 2 0 0 0 0 0 1 0 0 0 1 0 1 1 0 1 0 0 1 0 0 1 0 0 0 1 0 0 2 0 2 2 0 0 0 
0 0 0 0 0 0 0 0 1 2 0 0 0 0 0 0 0 0 0 0 0 0 0 0 0 0 0 2 0 0 0 0 0 0 1 0 0 2 0 2 2 0 0 0 
0 1 0 0 1 0 0 0 0 0 1 2 1 0 0 0 0 1 2 0 0 0 0 0 0 0 0 0 0 0 0 0 0 2 0 0 0 0 0 0 0 0 0 0 
0 1 1 0 1 0 0 1 0 1 1 1 0 1 0 0 0 0 0 0 0 0 0 0 0 0 0 1 0 0 0 0 0 0 0 0 1 1 1 1 1 0 1 1 
0 0 0 0 0 0 0 0 2 2 0 0 0 0 0 0 0 0 0 0 0 0 0 0 0 0 0 2 0 0 0 0 0 0 0 0 0 2 0 2 2 0 0 0 
0 0 0 1 1 0 0 0 0 1 0 1 0 0 0 0 0 0 0 1 0 0 0 0 1 0 1 2 0 0 2 1 0 0 1 0 1 1 1 0 0 1 0 1 
0 0 0 0 0 0 0 0 0 1 0 1 1 0 0 0 0 1 0 1 0 1 1 0 1 0 1 1 0 0 0 0 0 0 1 0 0 2 0 1 1 0 1 0 
0 2 2 0 2 0 0 NA 0 0 1 2 0 1 0 0 0 0 0 0 1 0 0 1 2 1 0 0 0 0 2 1 0 0 1 0 1 0 1 1 1 0 1 1 
0 2 2 NA 2 0 0 0 1 0 0 2 0 0 0 0 0 0 0 0 0 0 0 0 0 0 0 2 0 0 2 0 1 1 1 1 0 1 0 2 1 0 1 1 
1 0 0 0 0 0 0 0 0 2 0 0 0 0 0 0 0 1 0 1 0 1 NA 0 2 0 1 0 0 1 1 0 0 1 0 0 1 0 1 1 1 0 1 1 
0 2 1 0 2 0 0 0 0 0 1 2 0 0 0 0 0 0 0 0 2 0 0 0 1 1 0 1 0 0 2 0 2 2 0 2 0 0 0 2 0 0 2 2 
0 0 0 0 0 0 1 0 0 2 1 0 0 1 0 1 0 0 0 1 0 1 1 0 1 0 0 1 0 1 2 0 0 0 1 0 1 1 1 1 1 1 0 0 
0 1 1 0 1 0 0 1 0 0 0 2 1 0 0 0 0 1 0 1 0 1 1 1 2 1 1 0 0 0 1 0 0 1 1 0 0 1 0 1 1 0 1 0 
0 0 0 1 1 0 0 0 0 1 0 1 0 0 0 0 0 0 0 0 2 0 0 0 1 1 0 0 0 0 1 0 0 2 0 0 1 0 1 0 0 1 0 0 
0 1 1 0 1 0 0 1 2 1 0 NA 0 0 0 0 0 0 0 1 0 0 0 0 0 0 0 2 0 0 1 0 1 NA 0 1 0 1 0 2 1 0 2 1 
0 0 0 0 0 NA 0 0 2 0 0 0 0 0 2 0 NA 0 0 0 0 0 1 0 2 0 0 0 1 1 1 1 0 0 1 0 1 1 1 0 0 0 1 2 
1 0 0 0 0 0 0 0 0 2 0 0 0 0 0 0 0 0 0 0 0 0 0 1 0 0 0 2 0 0 2 0 1 1 0 1 1 0 1 1 0 1 1 1 
0 1 1 1 1 0 0 0 0 1 1 1 0 0 0 1 0 0 0 1 1 0 0 1 0 0 0 2 0 0 1 0 1 1 1 1 0 1 0 2 1 0 1 1 
0 0 0 0 0 0 0 0 0 1 0 1 1 0 0 0 0 1 0 0 2 0 0 0 1 0 0 1 0 0 0 0 1 1 0 0 1 1 1 1 1 1 1 1 
1 1 1 0 1 1 0 1 0 0 0 1 0 0 1 0 1 0 0 1 0 0 0 0 1 0 0 1 1 0 1 1 1 1 1 0 1 1 1 1 1 0 0 0 
0 1 1 0 1 0 0 0 0 1 NA 1 0 0 0 0 0 0 0 1 0 0 0 0 1 0 0 1 0 0 0 1 0 0 1 0 0 2 0 1 1 0 0 1 
0 1 1 0 1 0 0 NA 1 1 0 1 0 0 0 0 0 0 0 1 1 0 0 0 1 0 0 1 0 0 0 1 0 0 2 0 0 1 0 0 0 0 0 0 
0 2 1 0 2 0 0 1 0 0 1 2 0 1 0 0 0 0 0 0 0 0 0 1 1 0 0 1 0 0 0 0 0 0 2 0 1 1 0 1 1 0 0 0 
1 0 0 0 0 0 0 0 0 1 0 1 1 0 0 0 0 1 0 0 0 0 0 0 0 0 0 2 0 0 2 0 1 1 0 1 1 0 1 1 0 1 1 1 
0 1 0 0 1 0 0 0 0 1 0 1 0 0 0 0 0 0 0 0 0 0 0 0 1 0 0 1 0 0 1 0 0 0 0 0 1 1 1 1 1 1 0 0 
0 0 0 1 1 1 0 0 1 0 0 1 0 0 1 0 1 0 0 0 0 0 0 2 2 0 1 1 0 0 2 1 0 0 2 0 0 2 0 1 1 0 0 1 
0 0 0 0 0 1 1 0 2 1 0 0 0 0 1 1 1 0 0 0 0 0 0 1 1 0 1 2 0 0 2 1 1 1 1 1 0 1 0 1 0 0 1 2 
1 2 2 0 2 0 0 1 0 0 NA 2 0 1 0 0 0 0 0 0 0 0 0 1 1 1 0 0 0 0 1 0 1 2 0 1 1 0 1 1 0 0 1 2 
1 0 0 0 0 0 0 0 0 2 0 0 0 0 0 0 0 0 0 0 0 0 0 1 1 1 0 1 0 0 2 0 1 2 0 1 1 0 1 1 0 1 1 1 
1 1 1 0 1 0 0 1 1 0 0 2 1 0 0 0 0 1 1 1 0 0 0 0 0 0 0 1 0 0 1 0 0 1 1 0 1 1 0 1 1 0 0 0 
2 1 1 0 1 0 0 1 1 0 0 2 0 0 0 0 0 0 0 2 0 0 0 0 1 0 0 1 0 0 1 0 1 1 1 1 0 1 0 2 1 0 1 1 
0 1 1 1 1 0 0 0 0 1 0 1 0 0 0 0 0 0 0 0 1 0 0 0 1 0 0 1 0 0 1 0 0 0 1 0 1 1 1 1 1 0 0 0 
0 1 0 0 1 0 1 0 0 1 1 1 0 0 0 1 0 1 1 1 0 1 1 0 1 0 0 0 0 0 1 0 0 1 1 0 0 1 0 1 1 0 0 0 
0 1 1 0 1 1 0 0 1 0 0 1 0 0 1 0 1 0 0 0 2 0 0 0 1 1 0 1 0 0 2 0 1 2 0 1 0 0 0 1 0 0 1 1 
1 1 1 0 1 0 0 1 0 0 0 2 1 0 0 0 0 1 1 1 0 0 0 0 0 0 0 1 0 0 1 0 0 1 1 0 0 1 0 1 1 0 0 0 
0 0 0 0 0 0 0 0 0 2 0 0 0 0 0 0 0 0 0 0 0 0 NA 0 2 0 0 0 0 2 2 0 0 0 0 0 2 0 2 0 0 0 2 2 
0 2 1 1 2 0 0 0 1 0 0 2 0 0 0 0 0 0 0 1 0 1 1 0 1 0 0 1 0 0 1 0 0 0 2 0 1 1 1 1 1 0 0 0 
0 0 0 0 0 0 0 0 1 2 1 0 0 0 0 0 0 0 0 0 1 0 0 0 0 0 0 0 0 0 0 0 0 1 0 0 2 0 2 0 0 1 0 1 
0 0 0 0 0 0 0 0 2 2 0 0 0 0 0 0 0 0 0 0 0 0 0 0 2 0 0 1 0 0 2 0 1 2 0 1 0 0 0 1 0 0 1 1 
0 1 0 0 1 1 0 0 0 0 0 1 0 0 1 0 1 0 0 0 0 0 0 0 1 0 0 1 1 0 0 1 1 1 0 0 1 0 1 0 0 0 1 1 
0 1 0 0 2 0 0 0 1 1 1 1 0 0 0 0 0 0 0 0 1 0 0 0 1 1 0 1 0 0 2 0 0 1 1 0 0 1 0 1 1 0 0 0 
0 0 0 0 0 0 0 0 1 2 0 0 0 0 0 0 0 0 0 0 0 0 0 0 0 0 0 2 0 0 0 0 0 0 0 0 0 0 0 2 0 0 0 0 
0 0 0 1 1 0 0 0 1 1 0 1 0 0 0 0 0 0 0 0 1 0 0 0 1 1 0 1 0 0 2 0 0 1 0 0 1 1 1 1 1 1 0 0 
0 2 2 0 2 0 0 2 0 0 0 2 0 0 0 0 0 0 0 2 0 0 0 0 2 0 1 1 0 0 0 1 0 1 0 0 1 0 1 0 0 1 1 1 
0 0 0 0 0 0 0 0 0 2 0 0 0 0 0 0 0 0 0 0 0 0 0 0 0 0 0 2 0 0 0 0 0 0 0 0 0 1 0 1 1 0 0 0 
1 0 0 0 0 0 0 0 0 2 0 0 0 0 0 0 0 0 0 0 0 0 1 1 1 0 0 1 0 1 2 0 1 1 0 1 1 0 1 1 0 0 1 2 
0 1 0 0 1 0 0 0 2 1 0 1 0 0 0 0 0 0 0 0 0 0 0 0 1 0 0 1 0 0 1 0 0 1 1 0 2 0 2 0 0 2 0 0 
1 1 0 0 1 0 1 0 0 1 0 1 0 0 0 1 0 0 0 1 0 1 1 0 1 0 0 1 0 1 1 0 0 0 2 0 0 2 0 1 1 0 0 0 
0 0 0 0 0 0 0 0 0 2 0 0 0 0 0 0 0 0 0 0 0 0 0 0 2 0 0 1 0 0 1 0 1 2 0 1 0 1 0 2 1 0 1 1 
0 0 0 0 0 1 1 0 0 1 1 0 0 0 1 1 1 0 0 1 0 0 0 0 2 0 1 1 1 0 1 2 1 1 1 0 1 1 1 0 0 0 0 1 
0 0 0 0 0 0 0 0 1 2 0 0 0 0 0 0 0 0 0 0 0 0 0 0 2 0 0 1 0 1 2 0 1 1 1 1 0 1 0 2 1 0 1 1 
0 0 0 0 0 0 0 0 0 1 0 1 1 0 0 0 0 1 1 0 0 0 0 0 0 0 0 1 0 0 1 0 0 1 0 0 1 0 1 0 0 1 0 0 
1 1 1 1 1 0 0 0 0 1 0 1 0 0 0 0 0 0 0 0 0 0 0 1 1 0 0 1 0 1 2 0 1 1 1 1 0 1 0 2 1 0 1 1 
0 1 0 0 1 0 0 0 1 1 0 NA 0 0 0 0 0 0 0 0 0 0 0 0 1 0 0 1 0 0 0 0 0 1 0 0 1 0 0 1 0 0 1 1 
1 1 1 0 1 0 0 1 1 1 0 1 0 0 0 0 0 0 0 1 0 0 0 0 1 0 0 1 0 0 1 0 0 1 1 0 0 2 0 2 2 0 0 0 
0 1 1 0 1 0 0 1 0 1 0 1 0 0 0 0 0 0 0 1 1 0 0 0 1 1 0 1 0 0 2 0 0 1 1 0 1 1 1 1 1 0 0 0 
0 0 0 0 0 0 0 0 0 2 0 0 0 0 0 0 0 0 0 0 0 0 0 0 1 1 0 0 0 0 1 0 0 1 0 0 2 0 2 0 0 2 0 0 
0 0 0 0 0 0 0 0 1 2 0 0 0 0 0 0 0 0 0 0 0 0 0 0 0 0 0 1 0 0 0 0 0 0 0 0 2 0 2 0 0 2 0 0 
1 1 1 0 1 0 0 0 1 1 0 1 0 0 0 0 0 0 0 0 1 0 0 1 0 0 0 2 0 0 2 0 2 2 0 2 0 0 0 2 0 0 1 2 
0 1 0 0 1 0 0 0 1 1 1 1 0 0 0 0 0 0 1 0 0 0 0 0 0 0 0 0 0 0 0 0 0 1 0 0 1 0 1 0 0 1 0 0 
0 0 0 0 0 0 0 0 0 0 1 2 2 1 0 0 0 2 2 0 0 0 0 0 0 0 0 0 0 0 0 0 1 1 1 1 1 0 1 1 0 0 0 0 
0 0 0 0 0 0 0 0 1 1 1 1 1 0 0 0 0 1 1 0 0 0 0 0 0 0 0 0 0 0 0 0 0 1 0 0 1 0 1 0 0 1 0 0 
0 0 0 1 1 0 0 0 0 1 0 1 0 0 0 0 0 0 0 1 0 0 0 0 1 1 0 1 0 0 1 0 0 0 2 0 0 1 0 1 1 0 0 0 
0 1 1 0 1 0 0 0 1 1 0 1 0 0 0 0 0 0 0 0 0 0 0 0 1 0 0 1 0 0 0 1 0 0 2 0 1 1 1 0 0 0 1 1 
0 2 1 0 2 0 0 1 0 0 0 2 0 0 0 0 0 0 0 1 0 0 0 2 1 1 0 1 0 0 2 0 0 2 0 0 1 0 1 0 0 0 0 1 
0 2 1 0 2 0 0 2 1 0 0 2 0 0 0 0 0 0 0 0 0 0 0 1 1 1 0 1 0 0 1 0 0 1 0 0 1 0 1 0 0 0 1 2 
0 2 1 0 2 0 0 1 0 0 0 2 0 0 0 0 0 0 0 0 0 0 1 0 1 0 0 1 0 1 1 0 0 0 0 0 2 0 2 0 0 1 1 1 
0 1 0 0 1 0 0 0 0 1 1 1 0 0 0 0 0 0 0 1 0 0 0 1 1 0 1 2 0 0 2 0 1 1 1 1 1 0 1 1 0 0 1 1 
0 0 0 0 0 0 0 0 1 2 0 0 0 0 0 0 0 0 0 0 0 0 0 0 0 0 0 1 0 0 1 0 1 1 1 1 1 0 1 1 0 1 1 1 
1 1 1 1 1 0 0 0 0 1 1 1 0 0 0 0 0 0 0 1 0 1 1 1 0 0 0 2 0 0 1 0 1 1 1 1 1 0 1 1 0 0 1 1 
1 1 1 1 1 0 0 0 0 0 0 2 1 1 0 0 0 1 0 0 0 0 0 0 0 0 0 2 0 0 1 0 1 2 0 1 1 0 1 1 0 1 1 1 
0 1 1 0 1 0 0 1 0 1 0 1 0 1 0 0 0 0 0 0 1 0 0 0 1 0 0 1 0 0 0 0 0 0 1 0 2 0 1 0 0 1 0 1 
0 0 0 0 0 0 0 0 0 2 0 0 0 0 0 0 0 0 0 0 0 0 0 0 0 0 0 1 0 0 1 0 0 0 0 0 1 1 1 1 1 1 0 0 
0 2 2 0 2 0 0 1 0 0 0 2 0 0 0 0 0 0 0 1 0 0 0 1 1 1 0 1 0 0 1 0 0 1 1 0 1 1 1 0 0 0 0 1 
0 1 1 1 1 0 0 0 0 1 1 1 0 0 0 0 0 0 0 0 0 0 0 0 1 1 0 2 0 0 2 0 0 1 0 0 2 0 2 0 0 2 0 0 
0 2 1 0 2 0 0 0 0 0 0 2 0 0 0 0 0 0 0 1 0 0 0 0 1 0 0 1 0 0 1 0 0 0 2 0 1 1 1 1 1 0 0 1 
0 0 0 0 0 0 0 0 0 1 0 1 1 1 0 0 0 1 0 0 1 0 0 0 1 0 0 1 0 0 0 0 0 0 1 0 1 1 0 1 1 0 0 1 
0 1 1 1 1 0 1 0 0 1 0 1 0 0 0 1 0 0 0 1 1 1 1 0 2 0 0 0 0 0 1 0 1 1 1 1 0 1 0 2 1 0 1 1 
0 0 0 0 0 0 1 0 0 2 1 0 0 0 0 1 0 1 0 2 0 NA NA 0 2 0 1 0 0 1 1 0 0 1 1 0 0 2 0 2 2 0 0 0 
1 0 0 0 0 0 0 0 0 2 1 0 0 0 0 0 0 0 0 0 0 0 0 1 0 0 0 2 0 0 2 0 1 1 0 1 1 0 1 1 0 1 1 1 
0 0 0 1 1 0 0 0 0 0 1 2 1 0 0 0 0 1 1 1 0 0 0 0 1 1 0 0 0 0 0 0 0 1 1 0 0 0 0 0 0 0 0 0 
0 0 0 0 0 0 0 0 0 1 0 1 1 0 0 0 0 1 0 1 0 1 1 0 1 1 0 0 0 0 1 0 0 1 0 0 2 0 2 0 0 2 0 0 
0 0 0 0 0 0 1 0 0 2 0 0 0 0 0 1 0 0 0 1 1 1 1 0 2 0 0 0 0 1 2 0 1 2 0 1 1 0 1 1 0 1 1 1 
0 2 2 0 2 0 0 0 0 0 1 2 0 1 0 0 0 0 0 1 0 0 0 0 0 0 0 2 0 0 0 0 0 0 2 0 1 1 0 0 0 0 0 0 
0 1 0 0 2 0 0 0 0 0 0 2 0 0 0 0 0 0 0 0 0 0 0 0 2 1 0 0 0 0 2 0 0 1 1 0 0 1 0 2 2 0 1 0 
0 0 0 0 0 0 0 0 0 1 0 1 1 0 0 0 0 1 0 1 0 0 0 0 1 0 1 2 0 0 1 1 1 1 1 0 1 1 1 0 0 1 1 2 
0 1 0 0 1 0 0 0 1 1 0 1 0 0 0 0 0 0 0 0 0 0 0 0 1 0 0 1 0 0 2 0 0 0 1 0 2 0 2 0 0 2 0 0 
0 1 1 0 1 0 0 0 1 1 0 1 0 0 0 0 0 0 0 1 0 0 1 0 2 0 0 1 0 1 1 0 0 NA 1 0 1 1 1 0 0 0 1 1 
0 0 0 0 0 0 1 0 0 2 0 0 0 0 0 1 0 0 0 1 0 1 1 0 1 0 0 1 0 0 1 0 0 0 1 0 0 2 0 2 2 0 0 0 
0 1 1 1 1 0 1 0 1 1 0 1 0 0 0 1 0 0 0 1 0 1 1 0 1 0 0 1 0 0 0 0 0 0 2 0 0 2 NA 1 1 0 0 0 
0 1 1 1 1 0 0 0 0 1 0 1 0 0 0 0 0 0 0 0 0 0 0 1 0 0 0 2 0 0 1 0 1 1 0 1 0 1 0 2 1 0 1 1 
0 1 0 0 1 0 0 0 1 1 0 1 0 0 0 0 0 0 0 0 1 0 0 0 1 1 0 0 0 0 1 0 0 1 0 0 2 0 2 0 0 2 0 0 
0 1 0 0 1 0 1 0 1 1 0 1 0 0 0 1 0 0 0 1 0 0 0 0 1 0 0 1 0 1 2 0 1 1 1 1 0 1 0 2 1 0 1 1 
0 0 0 0 0 0 1 0 0 2 0 0 0 0 0 1 0 0 0 1 0 0 0 0 0 0 0 2 0 0 1 0 0 0 1 0 0 1 0 2 1 0 0 0 
0 2 0 0 2 0 0 0 1 0 0 2 0 0 0 0 0 0 0 1 0 0 0 1 1 0 0 1 0 0 0 0 0 0 2 0 2 0 1 0 0 0 0 1 
0 1 1 0 1 0 0 0 0 0 0 2 1 0 0 0 0 1 1 1 0 0 0 0 0 0 0 1 0 0 0 0 0 1 1 0 0 1 0 0 0 0 0 0 
0 0 0 0 0 1 0 0 0 1 0 0 0 0 1 0 1 0 0 0 0 0 1 0 2 0 0 0 0 2 2 0 0 0 1 0 1 1 1 1 1 0 1 1 
0 0 0 0 0 0 0 0 0 2 0 0 0 0 0 0 0 0 0 0 0 0 0 0 0 0 0 1 0 0 1 0 0 0 0 0 1 1 1 1 1 1 0 0 
0 0 0 0 0 1 0 0 1 1 0 0 0 0 1 0 1 0 0 0 0 0 0 0 2 0 0 0 1 1 1 1 1 1 1 0 1 1 1 1 1 0 0 0 
0 0 0 0 0 0 0 0 0 2 0 0 0 0 0 0 0 0 0 0 0 0 0 0 0 0 0 1 0 0 0 0 0 1 0 0 2 0 2 0 0 2 0 0 
0 1 1 0 1 0 0 1 1 1 0 1 0 0 0 0 0 1 0 1 0 1 1 0 1 0 1 1 0 0 0 0 0 1 0 1 0 0 0 2 1 0 0 0 
0 0 0 0 0 0 0 0 0 2 0 0 0 0 0 0 0 0 0 0 0 0 1 0 1 0 0 1 0 1 2 0 1 1 0 1 1 0 1 1 0 0 2 2 
0 1 1 1 1 1 0 0 0 0 0 1 0 0 1 0 1 0 0 0 0 0 0 1 1 0 0 1 1 0 1 1 2 2 0 1 1 0 1 1 0 0 1 1 
1 0 0 0 0 0 0 0 0 1 0 1 1 0 0 0 0 1 0 0 0 0 0 0 1 0 0 1 0 0 1 0 1 2 0 1 0 1 0 2 1 0 1 1 
0 1 0 0 1 0 0 0 0 1 0 1 0 0 0 0 0 0 0 0 1 0 0 0 2 0 0 0 1 0 1 1 0 0 2 0 1 0 1 0 0 1 0 0 
1 1 1 1 2 0 0 1 0 0 0 2 0 0 0 0 0 0 0 1 1 0 0 0 1 1 0 1 0 0 2 0 0 0 2 0 0 2 0 1 1 0 0 0 
0 2 0 0 2 0 0 0 0 0 1 2 0 0 0 0 0 0 0 0 0 0 0 0 2 0 0 0 0 0 1 0 0 0 1 0 1 1 1 0 0 1 0 0 
0 0 0 1 1 1 0 0 0 0 1 1 0 0 1 0 1 0 0 0 1 0 0 0 1 1 0 1 0 0 2 0 1 2 0 1 1 0 1 1 0 0 1 2 
0 0 0 0 0 0 2 0 0 2 0 0 0 0 0 2 0 0 0 2 0 NA NA 0 1 0 0 0 0 1 1 0 0 0 2 0 1 1 1 1 1 0 0 1 
0 0 0 0 1 0 0 0 1 1 1 1 0 1 0 0 0 0 0 0 1 0 0 0 1 0 0 1 0 1 2 0 0 0 1 0 0 2 0 2 2 0 0 0 
0 0 0 0 0 0 0 0 0 2 0 0 0 0 0 0 0 0 0 0 1 0 0 0 0 0 0 2 0 0 1 0 1 1 0 0 2 0 2 0 0 2 1 1 
0 0 0 0 0 0 1 0 1 1 0 1 1 0 0 1 0 1 1 1 0 1 1 0 1 0 0 0 0 1 1 0 1 1 1 1 0 1 0 2 1 0 0 0 
0 0 0 1 1 0 0 0 0 1 0 1 1 0 0 0 0 1 0 0 1 0 0 0 1 0 1 2 0 0 1 1 1 2 1 0 0 1 0 0 0 0 0 1 
0 0 0 0 0 0 0 0 0 2 0 0 0 0 0 0 0 0 0 0 0 0 0 0 0 0 0 1 0 0 0 0 0 0 0 0 1 1 1 1 1 1 0 0 
0 0 0 0 0 0 0 0 0 2 0 0 0 0 0 0 0 0 0 0 1 0 0 0 0 0 0 2 0 0 1 0 1 1 1 1 1 0 1 1 0 1 1 1 
1 0 0 0 0 0 0 0 1 2 0 0 0 0 0 0 0 1 0 1 0 1 1 0 1 0 1 1 0 0 1 0 1 2 0 1 0 0 0 2 1 0 1 1 
1 1 1 0 1 0 0 1 0 1 0 1 0 0 0 0 0 0 0 1 0 0 0 0 0 0 0 2 0 0 2 0 0 0 1 0 1 1 1 1 1 1 0 0 
0 1 0 0 1 0 1 0 1 1 1 1 0 1 0 1 0 0 1 1 0 1 1 0 0 0 0 0 0 0 0 0 0 0 2 0 2 0 2 0 0 0 0 1 
0 1 1 0 1 0 0 1 0 1 0 1 0 0 0 0 0 0 0 0 0 0 0 1 1 1 0 1 0 0 2 0 0 1 0 0 2 0 2 0 0 1 0 1 
0 1 1 1 1 0 0 0 0 1 0 1 0 0 0 0 0 0 0 1 1 1 0 0 1 0 0 1 1 0 0 1 0 0 1 0 1 0 1 0 0 1 0 0 
0 1 1 0 1 0 0 1 0 0 0 2 0 0 0 0 0 0 0 0 0 0 1 1 2 1 0 0 0 1 2 0 0 1 0 0 2 0 2 0 0 0 1 2 
0 0 0 0 0 1 0 0 1 1 0 0 0 0 1 0 1 0 0 0 0 0 0 0 2 0 0 0 1 0 0 1 1 1 0 0 2 0 2 0 0 1 0 0 
0 0 0 1 1 0 0 0 0 1 0 1 0 0 0 0 0 0 0 0 1 0 0 0 1 1 0 0 0 0 1 0 0 0 1 0 1 1 1 0 0 1 0 0 
0 0 0 0 1 0 0 0 0 1 0 1 0 0 0 0 0 0 0 0 0 0 0 0 0 0 0 1 0 0 0 0 0 0 1 0 1 1 1 0 0 2 1 1 
1 2 2 0 2 0 0 1 0 0 1 2 0 0 0 0 0 0 0 2 0 0 0 0 1 0 0 1 0 0 1 1 0 0 2 0 0 2 0 1 1 0 0 1 
0 0 0 0 0 0 2 0 1 2 0 0 0 0 0 2 0 0 0 2 0 NA 1 0 1 0 0 0 0 1 1 0 0 0 2 0 1 1 1 1 1 0 0 1 
0 2 1 0 2 0 0 0 1 0 0 2 0 0 0 0 0 0 0 0 1 0 0 0 1 0 0 1 0 0 2 0 NA 1 1 1 1 0 1 1 0 1 1 1 
0 1 0 0 1 1 0 0 0 0 1 1 0 0 1 0 1 0 0 0 0 0 0 0 2 0 0 0 1 0 1 1 0 0 2 0 0 2 0 1 1 0 0 1 
0 0 0 0 0 0 0 0 1 1 0 1 1 0 0 0 0 1 1 0 0 0 0 0 0 0 0 0 0 0 0 0 0 1 0 0 1 0 1 0 0 1 0 0 
0 0 0 0 0 0 1 0 0 2 0 0 0 0 0 1 0 0 0 0 0 0 0 0 0 0 0 2 0 0 1 0 1 1 0 1 0 1 0 2 1 0 1 1 
0 0 0 0 0 0 0 0 0 2 1 0 0 0 0 0 0 0 0 0 0 0 0 0 0 0 0 2 0 0 2 0 1 2 0 0 1 0 1 0 0 0 0 0 
0 0 0 0 0 0 0 0 0 2 0 0 0 0 0 0 0 0 0 0 0 0 0 1 1 1 0 1 0 0 2 0 0 1 1 0 0 1 0 2 2 0 1 0 
0 1 1 0 1 0 0 0 0 0 0 2 1 0 0 0 0 1 1 0 1 0 0 0 0 0 0 1 0 0 1 0 1 2 0 1 0 0 0 1 0 0 1 1 
0 1 1 0 1 0 0 1 1 1 1 1 0 0 0 0 0 0 0 1 0 0 0 0 1 0 0 1 0 0 1 0 1 1 0 1 1 0 1 1 0 1 2 2 
0 1 0 0 1 0 0 0 0 0 0 2 1 0 0 0 0 1 1 1 0 0 0 1 0 0 0 1 0 0 0 0 0 1 1 0 1 0 0 0 0 0 0 0 
0 1 0 0 1 0 0 0 0 0 1 2 1 0 0 0 0 1 0 1 0 0 0 0 1 0 0 1 0 0 0 1 0 1 2 0 1 2 0 1 1 0 0 0 
0 0 0 1 1 0 0 0 2 0 0 2 1 0 0 0 0 1 1 0 0 0 0 0 1 0 0 0 0 0 1 0 0 1 1 0 1 0 1 0 0 0 0 0 
1 1 1 1 1 0 0 0 0 0 1 2 1 0 0 0 0 1 0 0 0 0 0 1 0 0 0 2 0 0 2 0 2 2 0 2 0 0 0 2 0 0 2 2 
1 1 1 0 1 0 0 1 0 1 0 1 0 0 0 0 0 0 0 1 0 0 0 0 1 0 0 1 0 0 1 0 0 1 1 0 0 1 0 1 1 0 0 0 
0 1 1 1 2 0 0 0 0 0 0 2 0 0 0 0 0 0 0 2 0 0 0 0 1 0 0 1 0 0 0 0 0 0 2 0 0 2 0 0 0 0 0 0 
0 1 1 0 1 0 0 0 0 1 0 1 0 0 0 0 0 0 0 0 1 0 0 0 0 0 0 2 0 0 2 0 1 1 0 1 1 0 1 1 0 1 1 1 
0 1 1 NA 2 0 0 0 0 0 1 2 0 0 0 0 0 0 0 0 0 0 0 2 1 0 0 1 0 0 1 0 1 1 0 1 1 0 1 1 0 1 1 1 
0 1 0 0 1 0 0 0 0 0 1 2 1 0 0 0 0 1 1 0 0 0 0 1 0 0 0 0 0 0 1 0 0 1 1 0 0 1 0 0 0 0 0 0 
0 0 0 0 0 0 1 0 1 2 0 0 0 0 0 1 0 0 0 1 0 1 1 0 1 0 0 1 0 0 2 0 1 1 1 1 0 1 0 2 1 0 1 1 
0 1 1 0 1 0 0 0 1 1 0 1 0 0 0 0 0 0 0 1 0 0 0 0 1 0 0 0 0 0 0 0 0 0 1 0 1 1 1 0 0 1 0 0 
0 1 1 0 1 0 0 0 1 0 0 2 1 0 0 0 0 1 1 0 1 0 0 0 0 0 0 1 0 0 1 0 1 2 0 1 0 0 0 1 0 0 1 1 
0 1 1 0 1 0 0 1 0 1 0 1 0 0 0 0 0 0 1 0 0 0 0 1 2 1 1 1 0 0 2 1 0 1 1 0 1 1 1 0 0 0 0 2 
0 0 0 0 0 0 0 0 1 2 0 0 0 0 0 0 0 0 0 0 0 0 0 0 2 1 0 0 0 0 1 0 0 2 0 0 2 0 1 0 0 1 0 0 
0 1 0 0 1 1 0 0 0 0 0 1 0 0 1 0 1 0 0 0 0 0 0 0 2 1 0 0 1 0 1 1 1 2 0 0 2 0 2 0 0 1 0 0 
2 2 2 0 2 0 0 2 1 0 0 2 0 0 0 0 0 0 0 1 0 0 0 0 1 0 0 1 1 0 1 1 1 1 1 0 1 1 1 1 1 0 0 0 
0 1 0 0 1 0 0 0 1 1 1 1 0 0 0 0 0 0 1 0 0 0 0 0 0 0 0 1 0 0 0 0 0 1 0 0 0 0 0 1 0 0 0 0 
0 1 0 0 1 0 0 0 0 0 1 2 1 0 0 0 0 1 1 0 0 0 0 0 0 0 0 1 0 0 0 0 0 1 0 0 0 0 0 1 0 0 1 1 
0 1 1 0 1 0 0 0 0 1 0 1 0 1 0 0 0 0 0 1 0 0 0 0 0 0 0 2 0 0 0 0 NA 0 1 0 0 2 0 1 1 0 0 0 
0 1 1 1 1 0 0 0 0 0 0 2 1 0 0 0 0 1 1 0 0 0 0 0 0 0 0 1 0 0 0 0 0 1 0 0 1 0 1 0 0 1 0 0 
0 0 0 0 0 0 0 0 1 1 0 1 1 1 0 0 0 2 1 1 0 1 1 0 1 0 1 0 0 0 0 0 0 2 0 0 0 0 0 1 1 0 0 0 
0 0 0 0 0 0 0 0 1 2 1 0 0 1 0 0 0 0 0 0 1 0 0 0 1 0 0 1 1 0 1 1 0 0 1 0 1 0 1 0 0 1 0 0 
1 0 0 0 0 0 0 0 0 0 0 2 2 0 0 0 NA 2 0 1 0 1 1 0 1 0 1 1 0 0 1 0 1 1 2 0 0 2 0 0 0 0 0 1 
0 0 0 0 0 0 0 0 0 2 1 0 0 0 0 0 0 0 0 0 0 0 0 0 0 0 0 2 0 0 0 0 0 0 0 0 0 2 0 2 2 0 0 0 
0 1 1 1 1 0 1 0 0 1 0 1 0 1 0 1 0 0 0 0 0 0 0 0 0 0 0 2 0 0 1 0 2 1 0 2 0 0 0 2 0 0 1 1 
0 1 1 0 1 1 0 0 1 0 0 1 0 0 1 0 1 0 0 1 0 0 0 0 1 0 0 1 1 0 0 1 1 1 1 0 1 1 1 0 0 0 0 0 
1 0 0 0 0 0 0 0 0 2 1 0 0 0 0 0 0 0 0 0 0 0 0 1 0 0 0 2 0 0 2 0 2 2 0 2 0 0 0 2 0 0 2 2 
0 1 1 0 1 0 1 1 0 1 1 1 0 1 0 1 0 0 0 2 0 1 1 0 2 0 0 0 0 1 1 0 0 0 1 0 1 1 1 1 1 1 1 1 
0 2 1 0 2 0 0 0 0 0 NA 2 0 0 0 0 0 0 0 0 2 0 0 0 1 1 0 1 0 0 2 0 1 2 0 1 0 0 0 1 0 0 1 1 
0 1 1 0 1 0 0 1 0 1 0 1 0 0 0 0 0 0 1 0 0 0 0 0 0 0 0 1 0 0 1 0 0 1 0 0 0 1 0 1 1 0 0 0 
0 1 0 0 1 1 0 0 0 0 1 1 0 0 1 0 1 0 0 0 1 0 0 0 2 1 0 0 1 0 1 1 1 2 0 0 1 0 1 0 0 0 0 0 
0 0 0 1 1 0 0 0 0 1 0 1 0 0 0 0 0 0 0 0 1 0 0 0 1 1 0 0 0 0 1 0 0 0 1 0 1 1 1 1 1 1 0 0 
0 1 1 1 1 0 0 0 0 1 0 1 0 0 0 0 0 0 0 0 0 0 0 0 0 0 0 1 0 0 1 0 0 0 1 0 1 1 1 1 1 1 0 0 
0 0 0 0 0 0 0 0 0 2 1 0 0 1 0 0 0 0 0 0 0 0 0 0 1 0 0 1 0 0 0 0 0 1 0 0 1 1 0 1 1 0 0 0 
0 0 0 0 0 1 0 0 1 1 1 0 0 1 1 0 1 0 0 0 0 0 1 0 2 0 0 1 0 1 1 0 0 NA 0 0 1 0 1 1 0 NA 1 1 
0 1 1 1 1 0 0 0 2 0 0 2 1 0 0 0 0 1 1 0 0 0 0 1 0 0 0 1 0 0 1 0 2 2 0 2 0 0 0 2 0 NA 1 1 
0 2 2 0 2 0 0 1 0 0 0 2 0 0 0 0 0 0 0 2 0 0 0 0 2 1 0 0 0 0 0 0 0 0 1 0 1 0 1 0 0 1 1 1 
1 1 1 0 1 0 0 0 0 1 0 1 0 0 0 0 0 0 0 1 0 0 0 1 1 0 0 1 0 0 1 0 1 1 1 1 0 1 0 1 0 0 1 1 
0 1 0 0 1 0 0 0 0 1 0 1 0 0 0 0 0 0 0 0 0 0 0 0 1 0 0 0 0 0 1 0 1 1 0 1 1 0 1 1 0 1 1 1 
0 0 0 0 0 0 0 0 0 1 0 1 1 0 0 0 0 2 1 1 0 1 1 0 1 0 1 0 0 0 0 0 1 2 0 1 0 0 0 2 1 0 0 0 
0 1 1 0 1 0 0 0 0 NA 0 1 0 0 0 0 0 0 0 0 1 0 0 0 0 0 0 2 0 0 2 0 2 2 0 2 0 0 0 2 0 0 2 2 
0 1 0 0 1 0 0 0 2 1 1 1 0 0 0 0 0 0 0 0 1 0 0 0 1 1 0 1 0 0 1 0 0 1 0 0 0 1 0 1 1 0 0 0 
0 1 1 0 1 0 1 0 0 1 0 1 0 0 0 1 0 0 0 1 1 1 1 0 1 0 0 1 0 0 1 0 1 1 1 1 0 1 0 1 0 0 1 1 
0 0 0 0 0 1 0 0 1 1 0 0 0 0 1 0 1 0 0 0 0 0 0 0 1 0 0 1 0 0 1 0 0 0 1 0 1 0 1 0 0 1 0 0 
0 1 1 0 1 0 0 0 0 1 0 1 0 0 0 0 0 0 0 0 1 0 0 0 1 0 0 2 0 0 1 0 1 2 0 1 1 0 1 1 0 1 1 1 
0 0 0 0 0 0 0 0 1 2 1 0 0 0 0 0 0 0 0 0 0 0 0 NA 0 0 0 2 0 0 0 NA 0 0 0 0 0 2 0 2 2 0 0 0 
0 1 1 1 1 0 0 0 0 1 0 1 0 1 0 0 0 0 0 0 0 0 0 0 0 0 0 2 0 0 1 0 1 1 1 1 1 0 0 1 0 0 1 1 
0 0 0 0 0 0 0 0 1 1 0 1 1 0 0 0 0 1 0 1 0 1 1 0 1 0 1 0 0 0 0 0 0 0 1 0 1 1 1 0 0 1 0 0 
0 1 0 0 1 1 0 0 0 0 0 1 0 0 1 0 1 0 0 1 0 0 0 0 2 0 0 0 1 0 0 2 1 1 1 0 2 1 1 1 1 0 0 0 
0 1 0 1 1 0 0 0 0 0 0 2 0 0 0 0 0 0 0 0 1 0 0 NA 2 1 0 0 0 0 2 0 0 0 2 0 0 2 0 1 1 0 0 0 
1 0 0 0 0 0 1 0 1 1 0 1 1 0 0 1 0 1 0 1 0 1 1 0 1 0 0 1 0 1 2 0 1 1 1 1 0 1 0 2 1 0 1 1 
0 0 0 0 0 0 1 0 0 2 0 0 0 1 0 1 0 0 0 0 1 0 0 0 1 1 0 1 0 0 2 0 0 2 0 0 2 0 2 0 0 2 0 0 
0 0 0 0 0 0 0 0 0 2 0 0 0 0 0 0 0 0 0 0 0 0 0 0 0 0 0 1 0 0 0 0 0 0 0 0 1 1 1 1 1 1 0 0 
1 1 1 0 1 0 0 0 1 1 0 1 0 0 0 0 0 0 0 1 0 0 0 1 0 0 0 2 0 0 1 0 1 1 1 1 0 1 0 1 0 0 0 1 
0 0 0 0 0 0 0 0 1 2 0 0 0 0 0 0 0 0 0 0 0 0 0 0 1 0 0 0 0 0 0 0 0 1 0 0 1 1 1 1 1 1 0 0 
0 1 0 0 1 1 0 0 0 0 0 1 0 1 1 0 1 0 0 0 0 0 0 0 1 0 0 1 1 0 0 1 0 0 1 0 0 1 0 0 0 0 1 2 
0 0 0 0 0 0 0 0 0 2 0 0 0 0 0 0 0 0 0 0 0 0 0 0 1 0 1 2 0 0 1 1 0 0 2 0 0 2 0 0 0 0 0 1 
0 0 0 0 0 0 1 0 0 2 0 0 0 0 0 1 0 0 0 1 0 1 1 0 1 0 0 1 0 1 2 0 1 1 1 1 0 1 0 2 1 0 1 1 
1 1 1 0 1 1 0 1 0 0 0 1 0 0 1 0 1 0 0 2 0 1 1 0 1 0 0 1 0 1 2 0 0 0 2 0 0 2 0 2 2 0 0 0 
0 2 1 1 2 0 0 0 1 0 0 2 0 0 0 0 0 0 0 0 0 0 0 NA 1 0 0 1 0 1 2 0 2 2 0 2 0 0 0 2 0 0 2 2 
0 1 0 0 1 0 0 0 0 1 0 1 0 0 0 0 0 0 0 0 0 0 0 0 1 1 0 1 0 0 1 0 0 1 NA NA 1 1 1 1 1 1 0 0 
0 0 0 0 0 0 0 0 2 2 0 0 0 0 0 0 0 0 0 0 1 0 0 0 0 0 0 1 0 0 0 0 0 0 0 0 2 0 2 0 0 2 0 0 
0 1 1 0 1 0 0 0 0 1 0 1 0 0 0 0 0 0 0 1 0 0 0 0 1 0 1 2 0 0 1 1 0 0 1 0 0 2 0 1 NA NA 0 1 
0 0 0 1 1 0 1 0 NA 1 0 1 0 0 0 NA 0 0 0 1 1 1 1 0 NA 1 0 0 0 0 1 0 0 1 1 0 1 1 1 0 0 1 0 0 
0 1 1 0 1 0 0 0 1 1 0 1 0 0 0 0 0 0 0 0 0 0 0 0 0 0 0 2 0 0 1 0 0 0 1 0 0 1 0 2 1 0 0 0 
0 1 1 0 1 0 0 1 0 1 0 1 0 0 0 0 0 0 0 1 1 0 0 0 2 0 0 0 0 0 0 0 0 0 1 0 1 0 1 0 0 1 1 1 
0 1 1 0 1 0 0 1 0 1 1 1 0 0 0 0 0 0 0 0 0 0 0 0 1 0 0 1 0 0 1 0 1 1 0 1 0 1 0 2 1 0 1 1 
0 2 2 0 2 0 0 0 0 0 0 2 0 0 0 0 0 0 0 1 0 0 0 0 1 0 0 1 0 0 0 1 0 0 2 0 1 2 0 1 1 0 1 1 
0 1 1 0 1 0 0 0 1 1 0 1 0 0 0 0 0 0 0 1 0 0 0 0 1 1 0 1 0 0 1 0 0 0 2 0 1 1 1 0 0 0 0 1 
1 0 0 0 0 0 0 0 2 2 0 0 0 0 0 0 0 0 0 0 0 0 0 1 0 0 0 2 0 0 1 0 1 1 0 1 0 1 0 2 1 0 2 1 
0 0 0 0 0 0 0 0 0 2 0 0 0 0 0 0 0 0 0 1 0 0 0 0 1 0 0 1 0 0 1 0 0 0 0 0 1 0 1 1 0 1 1 1 
0 1 NA 0 1 0 0 1 0 1 0 1 0 1 0 0 0 0 0 0 0 0 0 0 0 0 0 1 0 0 0 0 0 0 1 0 1 1 1 1 1 1 0 0 
0 0 0 0 0 1 0 0 0 1 0 0 0 0 1 0 1 0 0 0 0 0 0 0 1 0 0 1 1 0 0 1 1 1 0 0 0 2 0 2 2 0 0 0 
1 0 0 0 0 0 0 0 0 2 0 0 0 0 0 0 0 0 0 1 0 0 0 1 1 0 0 1 0 0 1 1 1 1 1 1 0 1 0 1 0 0 1 2 
0 1 1 0 1 1 0 0 0 0 0 1 0 0 1 0 1 0 0 0 0 0 0 0 2 0 0 0 1 0 0 2 1 1 1 0 1 1 1 0 0 0 1 1 
0 2 1 0 2 0 0 1 1 0 1 2 0 0 0 0 0 0 1 0 0 0 0 0 1 0 0 1 0 1 1 0 0 0 1 0 0 2 0 2 2 0 0 0 
0 0 0 0 0 1 0 0 0 1 0 0 0 0 1 0 1 0 0 0 0 0 0 0 1 0 0 1 1 0 0 1 1 1 0 0 1 0 1 1 0 0 0 0 
1 1 1 0 1 0 0 1 1 1 0 1 0 0 0 0 0 0 0 0 0 0 0 1 0 0 0 2 0 0 1 0 1 1 0 2 0 0 0 2 0 0 1 1 
0 1 0 0 1 0 0 0 0 1 1 NA 0 0 0 0 0 0 0 0 1 0 0 0 1 0 0 1 0 0 1 0 0 0 2 0 2 0 2 0 0 0 0 0 
0 2 1 0 2 0 0 0 1 0 1 2 0 0 0 0 0 0 0 0 1 0 0 0 2 1 0 0 1 0 1 1 1 2 0 0 1 0 1 0 0 0 0 0 
0 0 0 1 1 0 0 0 1 1 0 1 0 0 0 0 0 0 0 1 0 0 0 0 1 1 0 1 0 0 2 0 0 0 1 0 2 0 2 0 0 1 0 1 
0 0 0 0 0 0 0 0 2 2 0 0 0 0 0 0 0 0 0 0 0 0 0 0 0 0 0 0 0 0 0 0 0 0 0 0 2 0 2 0 0 2 0 0 
0 1 1 1 1 0 0 0 2 1 0 1 0 0 0 0 0 0 0 0 1 0 0 0 2 0 0 0 0 1 1 1 1 1 1 1 0 1 0 2 1 0 1 1 
1 0 0 0 0 0 0 0 0 2 0 0 0 1 0 0 0 0 0 0 0 0 0 1 0 0 0 2 0 0 1 0 1 1 0 1 0 1 0 2 1 0 1 1 
0 1 0 0 1 0 0 0 1 1 0 NA 0 0 0 0 0 0 0 0 0 0 0 0 1 0 0 1 0 0 1 0 0 0 2 0 1 1 1 1 1 0 0 1 
0 0 0 0 0 0 0 0 1 2 0 0 0 0 0 0 0 0 0 0 0 0 0 0 1 1 0 1 0 0 1 0 0 1 0 0 1 1 1 1 0 1 0 0 
0 1 0 0 1 0 0 0 0 1 1 1 0 0 0 0 0 0 0 1 0 1 1 0 1 0 1 1 0 0 0 0 0 1 0 0 0 1 0 2 2 0 0 0 
0 1 1 0 1 0 0 1 0 1 0 1 0 0 0 0 0 0 0 0 0 0 0 1 2 2 0 0 0 0 2 0 0 2 0 0 2 0 2 0 0 1 0 1 
0 1 1 1 1 0 1 0 0 1 0 1 0 1 0 1 0 0 0 1 0 1 1 0 1 0 0 1 0 1 1 0 0 0 2 0 1 1 0 1 1 0 0 0 
0 0 0 0 0 0 0 0 0 2 0 0 0 0 0 0 0 0 0 0 1 0 0 0 1 0 0 1 0 0 2 0 0 1 0 0 1 1 1 1 1 1 0 0 
0 1 1 0 1 1 0 1 1 0 0 1 0 0 1 0 1 0 0 0 0 0 0 1 1 0 0 1 0 0 1 0 0 0 2 0 2 0 1 0 0 0 0 0 
0 0 0 1 1 0 0 0 0 1 0 1 0 0 0 0 0 0 0 0 1 0 0 0 2 1 0 0 0 0 1 0 0 1 1 0 2 0 2 0 0 0 0 1 
0 1 0 0 1 0 0 0 0 1 1 1 0 0 0 0 0 0 0 0 0 0 0 0 1 0 0 1 0 0 2 0 1 1 2 1 0 1 0 2 1 0 1 1 
0 1 0 0 1 1 0 0 0 0 1 0 0 1 1 0 1 0 0 0 0 0 0 0 1 0 0 0 1 0 0 1 1 1 0 0 2 0 2 0 0 1 0 0 
0 1 1 1 1 0 0 0 0 1 0 1 0 0 0 0 0 0 0 0 0 0 0 0 1 0 0 1 0 0 0 1 0 0 1 0 0 1 0 1 1 0 1 1 
1 0 0 0 0 1 0 0 0 0 0 1 0 0 1 0 1 0 0 1 0 0 0 0 2 0 0 0 1 0 0 1 2 2 0 1 1 0 1 1 0 0 1 1 
1 1 1 0 1 0 0 1 1 1 0 1 0 0 0 0 0 1 0 2 0 1 1 0 2 0 1 0 0 0 0 0 0 1 0 0 1 0 1 1 1 1 1 1 
0 0 0 0 0 0 1 0 0 2 1 0 0 1 0 1 0 0 0 0 0 0 0 0 0 0 0 2 0 0 1 0 1 1 1 1 0 1 0 2 1 0 1 1 
1 0 0 0 0 0 1 0 NA 1 0 1 1 0 0 NA 0 1 0 1 0 1 1 0 1 0 0 1 0 1 2 0 1 1 1 1 1 1 0 2 1 0 1 1 
0 1 1 0 1 0 1 1 0 1 0 1 0 0 0 1 0 0 0 1 0 1 1 0 1 0 0 1 0 0 1 0 0 0 1 1 0 1 0 2 1 0 1 1 
0 0 0 0 0 0 1 0 0 1 0 1 1 0 0 1 0 1 0 1 0 1 1 0 1 0 0 0 0 0 0 0 0 0 1 0 2 0 2 0 0 1 0 1 
0 1 1 1 1 0 0 0 0 1 0 1 0 0 0 0 0 0 0 0 0 0 0 0 2 0 0 0 0 0 1 0 0 1 0 0 1 1 1 1 1 1 0 0 
0 1 0 0 1 0 0 0 0 0 1 2 1 1 0 0 0 1 1 0 0 0 0 0 1 0 0 0 0 0 1 0 0 1 1 0 1 0 1 0 0 1 0 0 
0 0 0 0 0 0 0 0 0 1 0 1 1 1 0 0 0 1 0 0 1 0 0 0 2 0 1 1 1 0 0 2 2 2 0 1 1 0 1 1 0 0 1 1 
1 1 1 0 1 0 0 1 0 0 1 2 1 0 0 0 0 1 0 0 0 0 0 0 0 0 0 2 0 0 1 0 1 1 0 2 0 0 0 2 0 0 1 1 
0 0 0 0 0 0 1 0 1 2 0 0 0 0 0 1 0 0 0 1 0 1 1 0 1 0 0 0 0 1 1 0 0 0 1 0 2 0 2 0 0 1 0 1 
0 0 0 0 0 1 0 0 0 0 0 1 1 0 1 0 1 1 1 0 0 0 0 0 1 0 0 0 1 0 0 1 1 2 0 0 1 0 1 0 0 0 0 0 
1 1 1 0 1 0 1 1 0 1 0 1 0 0 0 1 0 0 0 2 0 1 1 0 1 0 0 1 0 1 2 0 0 0 2 0 0 2 0 2 2 0 0 0 
0 0 0 0 0 0 0 0 0 1 0 1 1 0 0 0 0 1 1 0 0 0 0 0 1 1 0 1 0 0 1 0 0 1 0 0 0 1 0 1 1 0 0 0 
0 0 0 0 0 0 0 0 1 NA 1 0 0 0 0 0 0 0 0 0 0 0 0 0 0 0 0 1 0 0 0 0 0 0 0 0 1 1 1 1 1 1 0 0 
0 1 1 1 1 0 0 0 0 1 1 1 0 1 0 0 0 0 0 0 0 0 0 0 0 0 0 2 0 0 1 0 0 0 1 0 0 2 0 2 2 0 0 0 
0 0 0 0 0 0 0 0 0 2 0 0 0 0 0 0 0 0 0 0 0 0 1 0 2 0 0 0 0 1 1 1 0 1 0 0 1 1 1 1 1 0 1 1 
1 0 0 0 0 0 0 0 0 0 0 2 2 1 0 0 0 2 1 0 0 0 0 0 0 0 0 1 0 0 1 0 1 2 0 1 0 0 0 1 0 0 1 1 
0 0 0 0 0 0 0 0 1 1 0 1 1 0 0 0 0 1 1 0 0 0 0 0 0 0 0 1 0 0 1 0 1 2 0 0 1 0 1 0 0 0 0 0 
0 0 0 0 0 0 1 0 0 2 0 0 0 0 0 1 0 0 0 1 0 1 1 0 0 0 0 0 0 0 0 0 0 0 1 0 2 0 2 0 0 1 0 1 
0 0 0 0 0 0 1 0 1 2 0 0 0 0 0 1 0 0 0 1 0 1 1 0 2 0 0 0 0 0 2 1 0 1 1 0 0 1 0 2 1 0 0 0 
0 1 0 0 1 0 0 0 1 1 1 1 0 0 0 0 0 0 0 0 1 0 0 0 2 1 0 0 0 0 1 0 0 2 0 0 0 1 0 1 1 0 0 0 
0 0 0 1 1 0 0 0 0 NA 0 1 0 0 0 0 0 0 0 1 0 0 0 0 1 1 0 1 0 0 1 0 0 1 1 0 2 0 2 0 0 1 0 0 
0 2 1 0 2 0 0 1 0 0 0 2 0 0 0 0 0 0 0 0 1 0 0 1 1 0 0 1 0 0 0 1 0 1 1 1 1 0 0 1 0 0 0 1 
0 1 0 1 2 0 0 0 0 0 0 2 0 0 0 0 0 0 0 0 1 0 0 0 2 1 0 1 0 0 2 0 0 1 1 0 1 1 1 1 1 1 0 0 
1 1 1 0 1 0 1 1 1 1 0 1 0 0 0 1 0 0 0 2 0 1 1 0 1 0 0 1 0 1 2 0 0 0 2 0 0 2 0 2 2 0 0 0 
0 1 1 1 2 0 0 0 0 0 0 2 0 0 0 0 0 0 0 2 0 1 1 0 2 1 1 0 0 0 1 0 0 2 0 0 1 0 1 1 1 1 1 0 
0 1 1 0 1 1 0 1 0 0 0 1 0 0 1 0 1 0 0 0 0 0 0 0 1 0 0 1 1 0 0 1 1 1 0 1 0 1 0 2 1 0 0 0 
0 0 0 0 0 0 0 0 0 2 0 0 0 0 0 0 0 0 0 0 1 0 0 0 1 0 1 2 0 0 0 1 0 1 1 0 0 1 0 1 1 0 0 0 
1 1 1 1 1 0 0 0 0 1 0 1 0 0 0 0 0 1 0 1 0 1 1 0 2 0 1 0 0 0 1 0 0 1 0 0 1 0 1 1 1 1 0 0 
0 1 1 0 1 0 0 1 0 1 1 1 0 0 0 0 0 0 0 0 0 0 0 1 1 1 0 1 0 0 2 0 0 1 1 0 1 1 1 1 1 0 0 1 
0 1 1 1 2 0 0 0 0 0 1 2 0 1 0 0 0 0 0 1 1 0 0 0 1 0 1 2 0 0 2 1 1 1 1 1 0 1 0 1 0 0 1 2 
0 1 0 0 1 0 0 0 1 1 0 1 0 0 0 0 0 0 0 0 0 0 0 0 1 0 0 1 0 0 2 0 1 1 1 1 1 0 1 1 0 1 1 1 
1 0 0 1 1 0 0 0 1 0 0 2 1 0 0 0 0 1 0 1 0 0 0 0 1 0 0 1 0 0 1 0 0 0 2 0 0 2 0 2 2 0 0 0 
0 0 0 0 0 0 0 0 0 2 1 0 0 0 0 0 0 0 0 0 0 0 0 0 1 0 0 1 0 0 0 0 0 0 1 0 1 1 1 1 1 1 0 0 
0 1 1 0 1 1 0 0 1 0 0 1 0 0 1 0 1 0 0 1 0 0 0 0 0 0 0 2 0 0 0 0 0 0 1 0 0 1 0 1 0 0 1 1 
0 0 0 0 0 0 0 0 0 2 0 0 0 0 0 0 0 0 0 0 0 0 0 0 1 1 0 1 0 0 1 0 0 1 0 0 1 1 1 1 1 1 0 0 
1 1 1 0 1 0 0 1 1 0 0 2 1 0 0 0 0 1 0 0 0 0 0 0 0 0 0 2 0 0 1 0 1 1 0 2 0 0 0 2 0 0 1 1 
0 1 1 1 1 0 0 0 0 1 1 1 0 0 0 0 0 0 0 0 0 0 0 0 1 0 1 2 0 0 0 1 0 1 0 0 0 1 0 1 1 0 0 0 
0 1 0 0 1 1 0 0 1 0 0 1 0 0 1 0 1 0 0 1 0 0 0 0 2 1 0 0 1 0 1 1 0 1 1 0 0 1 0 0 0 0 0 1 
1 0 0 0 0 0 0 0 2 1 0 1 1 0 0 0 0 1 0 0 0 0 0 0 2 1 0 0 0 0 2 0 0 1 1 0 1 1 1 1 1 1 0 0 
0 0 0 1 1 0 1 0 1 1 0 1 0 1 0 1 0 0 0 1 1 1 1 0 2 1 0 0 0 0 1 0 0 0 1 0 1 1 1 1 1 1 1 1 
0 0 0 0 0 1 0 0 0 1 0 0 0 0 1 0 1 0 0 0 0 0 0 0 1 0 0 1 1 0 1 1 0 0 0 0 0 2 0 2 2 0 0 0 
0 2 1 1 2 0 0 0 0 0 0 2 0 0 0 0 0 0 0 0 0 0 0 1 1 0 0 1 0 0 1 0 1 1 1 1 0 1 0 2 1 0 1 1 
0 1 1 1 1 0 0 0 0 1 0 1 0 0 0 0 0 0 0 1 0 1 0 0 1 0 0 1 1 0 1 1 1 1 2 1 0 0 0 1 0 0 1 1 
0 1 1 0 1 0 0 1 1 1 0 1 0 0 0 0 0 0 0 0 0 0 1 0 1 0 0 1 0 1 2 0 0 0 0 0 2 0 2 0 0 2 0 0 
0 1 1 0 1 0 0 0 0 1 0 1 0 0 0 0 0 0 0 1 1 0 0 0 1 0 1 2 0 0 1 1 0 0 1 0 1 1 1 0 0 1 0 1 
0 0 0 0 0 0 0 0 1 1 0 1 1 0 0 0 0 1 2 0 0 0 0 0 0 0 0 0 0 0 0 0 2 2 0 2 0 0 0 2 0 0 0 0 
0 1 0 0 1 0 0 0 1 1 0 1 0 0 0 0 0 0 0 0 1 0 0 0 2 0 1 1 0 0 1 1 0 1 0 0 1 0 1 0 0 1 0 0 
0 0 0 0 0 1 0 0 0 1 1 0 0 1 1 0 1 0 0 0 0 0 0 0 1 0 0 2 1 0 0 1 2 2 0 1 1 0 1 1 0 0 0 0 
0 1 1 1 1 0 0 0 0 1 0 1 0 0 0 0 0 0 0 0 0 0 0 0 0 0 0 2 0 0 0 0 1 1 1 2 0 0 0 2 0 0 1 1 
0 0 0 0 0 0 0 0 0 2 0 0 0 0 0 0 0 0 0 0 1 0 0 0 1 0 0 1 0 0 1 0 1 1 1 1 0 0 0 1 0 0 0 0 
0 1 1 0 1 0 0 0 1 1 0 1 0 0 0 0 0 0 0 2 0 0 0 1 0 0 0 2 0 0 0 0 0 0 2 0 1 1 0 0 0 0 0 0 
0 1 1 0 1 0 0 0 1 1 0 1 0 0 0 0 0 0 0 0 1 0 0 0 0 0 0 1 0 0 1 0 1 1 0 1 1 0 1 1 0 1 1 1 
0 1 1 0 1 0 0 0 0 1 0 1 0 0 0 0 0 0 0 1 0 0 0 0 1 1 0 1 0 0 1 0 1 2 1 1 1 0 1 1 0 1 1 1 
0 0 0 0 0 0 0 0 0 1 1 1 1 1 0 0 0 1 1 0 0 0 0 0 0 0 0 0 0 0 0 0 0 1 0 0 1 0 1 0 0 1 0 0 
0 0 0 0 0 0 0 0 1 2 0 0 0 0 0 0 0 0 0 0 1 0 0 0 0 0 0 2 0 0 0 0 1 1 0 0 1 1 1 1 1 1 1 1 
0 2 1 0 2 0 0 0 2 0 0 2 0 0 0 0 0 0 0 1 0 0 0 0 2 0 0 0 0 0 0 1 0 0 2 0 0 2 0 1 1 0 0 1 
0 1 1 0 1 1 0 1 0 0 0 1 0 1 1 0 1 0 0 1 0 0 0 0 2 0 1 1 1 0 0 2 0 1 0 0 1 0 1 0 0 0 1 1 
1 0 0 0 0 0 0 0 0 2 0 0 0 0 0 0 0 0 0 0 1 0 0 0 1 0 0 0 0 0 1 0 0 0 1 0 2 0 2 0 0 1 0 0 
1 2 2 1 2 0 0 0 0 0 0 2 0 0 0 0 0 0 0 2 0 0 0 1 1 0 0 1 0 0 0 1 0 0 2 0 1 1 0 0 0 0 0 1 
0 1 1 1 2 0 0 0 1 0 0 2 0 0 0 0 0 0 0 0 1 0 0 1 1 0 0 1 0 0 2 0 1 1 1 1 1 0 1 1 0 1 1 1 
0 0 0 0 0 0 1 0 0 2 0 0 0 0 0 1 0 0 0 1 0 1 1 0 1 0 0 1 0 0 0 0 0 0 1 0 0 2 0 1 1 0 0 0 
0 1 1 1 1 0 1 0 1 1 0 1 0 0 0 1 0 0 0 1 0 1 1 0 2 0 0 0 0 0 1 1 0 1 1 0 0 2 0 1 1 0 0 1 
0 1 0 0 1 0 0 0 0 1 0 NA 0 0 0 0 0 0 0 0 0 0 0 0 1 0 0 1 0 0 1 0 0 0 0 0 0 1 0 2 1 0 1 1 
1 0 0 0 0 0 1 0 0 2 0 0 0 0 0 1 0 0 0 1 0 1 1 1 0 0 0 1 0 0 1 0 0 0 1 0 1 0 1 1 0 0 0 1 
0 1 1 1 1 0 0 0 0 0 0 2 1 0 0 0 0 1 1 0 0 0 0 0 1 1 0 1 0 0 2 0 0 1 1 0 0 1 0 1 1 0 0 0 
0 0 0 0 0 0 1 0 1 2 0 0 0 0 0 1 0 0 0 1 2 0 0 0 1 0 0 1 0 0 1 0 0 0 2 0 1 0 0 0 0 0 0 1 
1 0 0 0 0 0 1 0 0 2 0 0 0 0 0 1 0 0 0 1 0 1 1 0 1 0 0 1 0 1 2 0 1 1 2 1 0 1 0 2 1 0 1 1 
0 1 1 0 1 1 0 0 1 0 0 1 0 0 1 0 1 0 0 1 0 0 1 0 2 0 0 0 0 1 1 0 0 0 1 0 1 1 1 0 0 0 1 1 
0 1 1 0 1 0 0 1 0 1 0 1 0 0 0 0 0 0 0 0 0 0 0 0 1 1 0 0 0 0 1 0 0 1 0 0 2 0 2 0 0 2 0 0 
0 2 1 0 2 0 0 0 0 0 1 2 0 0 0 0 0 0 0 0 0 0 0 0 0 0 0 2 0 0 2 0 2 2 0 2 0 0 0 2 0 0 2 2 
0 0 0 1 1 0 0 0 0 1 0 1 0 0 0 0 0 0 0 0 1 0 0 0 1 1 0 1 0 0 2 0 0 1 0 1 1 0 1 1 0 1 1 1 
0 0 0 0 0 1 0 0 1 1 0 0 0 0 1 0 1 0 0 0 0 0 0 0 1 0 0 1 1 0 1 1 2 2 1 1 1 0 1 1 0 0 1 1 
1 0 0 0 0 0 1 0 1 2 0 0 0 0 0 NA 0 0 0 1 0 1 1 0 1 0 0 1 0 1 1 0 0 0 1 0 0 1 0 1 0 0 0 0 
0 0 0 0 0 0 0 0 1 1 1 1 NA 0 0 0 0 1 1 0 0 0 0 0 1 0 1 1 0 0 1 NA 0 0 2 0 1 1 0 0 0 0 0 2 
0 1 1 0 1 0 0 1 0 1 0 1 0 0 0 0 0 0 1 0 0 0 0 0 0 0 0 1 0 0 1 0 1 2 0 1 0 0 0 1 0 0 1 1 
1 0 0 0 0 0 0 0 0 2 0 0 0 1 0 0 0 0 0 0 0 0 0 1 1 0 0 1 0 0 1 0 1 1 1 1 0 1 0 2 1 0 2 2 
1 0 0 0 0 0 0 0 0 1 0 1 0 0 0 0 0 0 0 1 0 0 0 0 1 0 0 1 0 0 0 0 1 2 0 1 1 0 1 1 0 1 1 1 
1 0 0 1 1 0 0 0 1 1 0 1 0 0 0 0 0 0 0 1 0 1 1 1 1 0 1 1 0 0 0 0 0 1 0 0 0 1 0 2 2 0 1 0 
0 0 0 0 0 1 1 0 0 1 0 0 0 0 1 1 1 0 0 1 0 1 1 0 2 0 0 0 1 1 1 1 1 1 1 0 1 1 1 1 1 0 0 0 
0 1 1 0 1 0 1 0 0 1 0 1 0 1 0 1 0 0 0 2 0 0 0 0 1 0 1 2 0 0 2 1 0 0 2 0 0 2 0 1 1 0 0 1 
0 0 0 0 0 0 0 0 1 1 0 1 1 1 0 0 0 1 0 0 0 0 0 0 1 0 1 2 0 0 1 1 0 0 2 0 1 1 0 0 NA 0 0 2 
0 1 1 0 2 0 0 1 1 0 0 2 0 0 0 0 0 0 0 0 1 0 0 0 1 0 0 1 0 0 0 0 0 0 1 1 0 1 0 2 1 0 0 0 
0 1 1 1 1 0 0 0 0 1 0 1 0 0 0 0 0 0 0 0 0 0 0 0 2 0 0 0 0 0 1 1 1 2 0 0 1 1 1 0 0 0 0 1 
0 1 0 0 1 0 0 0 1 1 0 1 0 0 0 0 0 NA 0 0 0 0 0 0 1 0 0 1 0 0 1 0 0 0 1 0 1 1 1 1 1 1 0 0 
0 0 0 0 0 0 1 0 0 2 0 0 0 0 0 NA 0 0 0 1 0 1 1 0 1 0 0 1 0 0 0 0 0 0 0 0 1 1 1 1 1 1 1 1 
0 0 0 0 0 0 0 0 0 2 0 0 0 0 0 0 0 0 0 0 1 0 0 0 1 0 0 0 0 0 1 0 0 0 1 0 2 0 2 0 0 1 0 0 
0 0 0 0 0 0 0 0 0 1 0 1 1 0 0 0 0 1 1 0 0 0 0 0 0 0 0 1 0 0 0 0 0 1 1 0 1 0 0 0 0 0 0 1 
1 0 0 0 0 0 0 0 0 1 0 1 1 0 0 0 0 1 0 0 0 0 0 0 1 0 0 1 1 0 0 1 0 0 2 0 0 1 0 1 1 0 0 0 
1 0 0 0 0 0 0 0 0 1 1 1 1 1 0 0 0 2 1 1 0 1 1 0 1 0 1 0 0 0 0 0 0 2 0 0 0 0 0 1 1 0 0 0 
0 1 0 1 2 0 0 0 1 0 0 2 0 0 0 0 0 0 0 0 1 0 0 0 2 1 0 0 0 0 2 0 0 1 1 0 2 0 2 0 0 2 0 0 
0 1 1 0 1 0 0 NA 1 0 0 2 1 0 0 0 0 1 0 0 0 0 0 1 2 1 0 0 0 0 1 0 0 1 0 0 1 0 0 1 1 0 1 0 
0 2 1 0 2 0 0 0 1 0 0 2 0 0 0 0 0 0 0 0 1 0 0 0 2 0 0 0 0 0 2 0 1 1 1 1 1 0 1 1 0 0 1 1 
1 1 1 NA 2 0 0 0 0 0 0 2 0 0 0 0 0 0 0 1 1 0 0 1 1 1 0 1 0 0 1 0 0 1 1 0 2 0 1 0 0 0 0 1 
0 0 0 0 0 0 0 0 1 1 0 1 1 0 0 0 0 1 0 0 1 0 0 0 1 0 0 1 0 0 0 0 0 1 1 0 1 1 1 0 0 1 0 1 
0 1 1 1 1 0 0 0 0 1 0 1 0 0 0 0 0 0 0 1 0 1 1 0 0 0 0 1 0 0 0 0 0 0 1 0 2 0 2 0 0 1 0 0 
0 1 1 0 1 0 0 NA 0 1 0 1 0 0 0 0 0 0 0 1 0 0 0 0 0 0 0 2 0 0 0 0 0 0 1 0 0 1 0 0 0 0 1 1 
0 0 0 1 1 0 0 NA 0 1 0 1 0 0 0 0 0 0 0 0 1 0 0 0 1 1 0 1 0 0 1 0 0 1 0 0 1 1 1 1 1 1 0 0 
0 0 0 0 0 0 0 0 0 2 1 0 0 1 0 0 0 0 0 0 0 0 0 0 1 0 0 0 1 0 0 1 0 0 0 0 2 0 2 0 0 1 1 1 
1 1 1 0 1 0 0 1 0 0 0 2 1 0 0 0 0 1 1 1 0 0 0 0 0 0 0 1 0 0 1 0 1 1 1 1 0 1 0 2 1 0 0 0 
0 1 1 1 1 0 0 0 1 1 0 1 0 0 0 0 0 0 0 1 1 1 0 0 1 0 0 1 1 0 0 1 0 0 1 0 1 0 1 0 0 1 0 0 
0 0 0 0 0 0 0 0 0 2 0 0 0 0 0 0 0 1 0 1 0 1 1 0 1 0 1 0 0 0 0 0 0 1 0 0 1 0 1 1 1 1 0 0 
0 1 0 0 1 0 0 0 1 1 0 1 0 0 0 0 0 0 0 0 0 0 0 0 2 1 0 0 0 0 2 0 0 1 1 0 2 0 2 0 0 2 0 0 
1 0 0 0 0 1 0 0 1 0 0 1 0 0 1 0 1 0 0 1 0 0 0 0 2 0 0 0 1 0 0 1 0 0 1 0 0 1 0 1 0 0 1 2 
0 2 2 1 2 NA 0 1 0 0 0 2 0 0 0 0 0 0 0 1 0 0 0 0 1 0 0 1 0 0 1 0 0 0 0 0 2 0 2 0 0 2 1 1 
1 0 0 0 0 0 0 0 1 2 0 0 0 0 0 0 0 0 0 0 0 0 0 1 0 0 0 2 0 0 1 0 1 1 0 1 0 1 0 2 1 0 0 0 
0 1 0 0 1 0 1 0 0 1 0 1 0 0 0 1 0 0 0 1 1 1 1 0 2 0 0 0 0 1 1 0 1 1 1 1 0 1 0 2 1 0 0 0 
0 0 0 0 0 1 0 0 0 1 0 0 0 0 1 0 1 0 0 0 0 0 0 0 1 0 0 1 1 0 0 1 1 1 0 0 1 1 1 1 1 0 0 0 
0 0 0 0 0 0 0 0 1 2 0 0 0 0 0 0 0 0 0 0 0 0 0 0 0 0 0 2 0 0 0 0 0 0 1 0 0 2 0 2 2 0 0 0 
0 0 0 0 0 1 0 0 0 0 1 1 1 0 1 0 1 1 1 0 0 0 0 0 1 0 0 0 1 0 0 1 2 2 0 1 1 0 1 1 0 0 0 0 
0 2 0 0 2 NA 0 0 0 0 2 2 0 0 0 0 0 0 1 0 1 0 0 0 1 1 0 0 0 0 1 0 0 2 0 0 0 0 0 0 0 0 0 0 
0 1 1 0 1 0 0 0 1 1 1 1 0 0 0 0 0 0 0 0 1 0 0 0 1 0 0 2 0 0 2 0 2 2 0 2 0 0 0 2 0 0 2 2 
0 0 0 0 0 0 0 0 0 2 0 0 0 0 0 0 0 0 0 0 0 0 0 0 0 0 0 2 0 0 0 0 0 0 1 0 1 0 1 1 0 0 0 0 
0 0 0 1 1 0 1 0 0 1 1 1 0 1 0 1 0 0 0 2 0 1 1 0 2 0 1 1 0 1 2 1 0 0 2 0 0 2 0 1 1 0 0 1 
0 0 0 0 0 1 0 0 1 1 0 0 0 0 1 0 1 0 0 0 0 0 0 0 2 1 0 0 0 0 2 0 0 1 1 0 1 1 1 1 1 1 0 0 
0 1 0 0 1 0 0 0 0 1 1 NA 0 0 0 0 0 0 0 0 0 0 0 0 2 0 1 0 0 0 0 0 0 0 2 0 1 1 1 0 0 0 0 1 
0 0 0 0 0 0 1 0 1 2 1 0 0 0 0 1 0 0 0 1 0 1 1 0 1 0 0 0 0 1 1 0 0 0 1 0 1 1 1 1 1 1 0 0 
0 0 0 1 1 0 1 0 0 1 0 1 0 0 0 1 0 0 0 2 0 1 1 0 2 0 1 1 1 0 1 2 1 1 1 0 1 1 1 0 0 0 0 1 
1 1 1 0 1 0 0 1 1 1 0 1 0 0 0 0 0 0 0 1 0 0 0 0 0 0 0 2 0 0 2 0 1 1 1 1 0 1 0 2 1 0 1 1 
0 0 0 1 1 1 0 0 0 0 0 1 0 1 1 0 1 0 0 1 0 0 0 0 2 0 1 1 0 0 2 1 0 0 2 0 1 1 1 0 0 0 0 1 
0 2 0 0 2 0 0 0 0 0 0 2 0 0 0 0 0 0 0 1 0 0 0 1 1 1 0 1 0 0 1 0 0 1 1 0 2 0 1 0 0 1 0 0 
0 0 0 0 0 0 1 0 0 2 0 0 0 1 0 1 0 0 0 1 0 1 1 0 2 0 0 0 0 0 2 0 0 0 2 0 0 2 0 2 2 0 0 0 
0 1 1 0 1 1 0 1 0 0 0 1 0 0 1 0 1 0 0 0 0 0 0 0 1 0 0 0 1 0 0 1 0 0 1 0 1 1 1 0 0 0 1 2 
0 1 1 0 1 1 0 1 0 0 0 1 0 0 1 0 1 0 0 0 1 0 0 0 2 0 0 0 1 0 0 2 1 1 1 1 0 1 0 1 0 0 2 2 
0 0 0 0 0 1 0 0 1 1 0 0 0 0 1 0 1 0 0 0 0 0 0 0 1 0 0 1 1 0 1 1 1 1 1 1 0 1 0 2 1 0 1 1 
0 0 0 0 0 0 0 0 1 2 0 0 0 0 0 0 0 1 0 1 0 1 1 0 2 1 1 0 0 0 1 0 0 2 0 0 1 0 1 1 1 1 0 0 
0 1 1 1 1 1 0 0 0 0 0 1 0 1 1 0 1 0 0 0 0 0 0 0 1 0 0 1 1 0 1 1 1 1 1 0 1 1 1 1 1 0 0 0 
0 1 1 2 2 0 0 0 2 0 0 2 0 0 0 0 0 0 0 1 1 1 0 0 2 1 0 0 1 0 1 1 0 0 2 0 0 1 0 0 0 0 0 0 
0 0 0 0 0 1 0 0 0 1 0 0 0 0 1 0 1 0 0 0 0 0 0 0 1 0 0 1 1 0 0 1 0 1 0 0 0 1 0 1 1 0 0 0 
0 1 1 0 1 0 0 0 0 1 0 1 0 0 0 0 0 0 0 1 0 0 0 0 0 0 0 1 0 0 0 0 0 0 1 0 1 1 1 0 0 1 0 0 
0 0 0 0 0 0 0 0 0 2 1 0 0 0 0 0 0 0 0 0 0 0 0 0 1 0 0 1 0 0 1 0 1 1 0 1 1 0 1 1 0 1 1 1 
1 1 1 0 1 0 0 0 1 1 0 1 0 0 0 0 0 0 0 1 0 0 0 1 0 0 0 2 0 0 1 0 1 1 1 1 0 1 0 1 0 0 1 1 
0 0 0 0 0 1 0 0 1 1 0 0 0 0 NA 0 1 0 0 0 0 0 0 0 1 0 0 1 1 0 1 1 0 0 0 0 1 1 1 1 1 0 1 1 
0 0 0 0 0 0 0 0 0 1 0 NA 1 0 0 0 0 1 1 0 0 0 0 0 1 1 0 0 0 0 1 0 0 2 0 0 1 0 1 0 0 1 0 0 
1 2 2 0 2 NA 0 1 0 0 0 2 0 0 0 0 0 0 0 1 0 0 0 0 1 0 0 1 0 0 1 1 0 0 2 0 0 2 0 1 1 0 1 1 
0 0 0 0 0 0 1 0 0 2 1 0 0 1 0 1 0 1 0 2 0 1 1 0 1 0 1 1 0 0 1 0 0 1 1 0 0 1 0 2 2 0 0 0 
0 1 1 2 2 NA 0 0 0 0 0 2 0 0 0 0 0 0 0 2 0 1 0 0 2 1 0 0 1 0 1 1 0 0 2 0 1 0 1 0 0 0 0 1 
0 1 0 0 1 0 1 0 1 1 0 1 0 0 0 1 0 0 0 1 0 1 1 1 2 1 0 0 0 1 2 0 0 0 1 1 0 1 0 2 1 0 0 0 
0 1 1 1 1 0 0 0 2 1 0 1 0 0 0 0 0 0 0 0 0 0 0 1 0 0 0 2 0 0 2 0 2 2 1 2 0 0 0 2 0 0 2 2 
0 1 1 0 1 0 0 0 0 0 0 2 1 0 0 0 0 1 1 1 0 0 0 0 1 0 0 0 0 0 0 1 1 1 1 1 0 1 0 1 0 0 0 1 
1 0 0 0 0 0 0 0 1 2 0 0 0 0 0 0 0 1 0 1 0 1 1 1 2 0 1 0 0 1 1 0 0 1 1 0 0 1 0 2 2 0 0 0 
0 1 0 0 1 0 0 0 0 0 1 2 1 0 0 0 0 1 1 0 1 0 0 0 1 0 0 0 0 0 0 0 0 2 0 0 0 0 0 0 0 0 0 0 
0 1 0 0 1 0 0 0 0 1 1 NA 0 0 0 0 0 0 0 1 0 0 1 1 1 0 0 1 0 1 1 0 0 0 2 0 1 1 0 1 1 0 0 0 
0 0 0 0 0 0 0 0 1 2 0 0 0 0 0 0 0 0 0 0 1 0 0 0 1 0 0 0 0 0 0 1 0 0 1 0 1 1 1 0 0 1 1 0 
1 1 1 1 2 NA 0 1 0 0 0 2 0 0 0 0 0 0 0 1 0 0 0 0 1 0 0 1 0 0 2 0 0 0 2 0 0 2 0 2 2 0 0 0 
0 2 1 0 2 NA 0 0 1 0 1 2 0 0 0 0 0 0 0 1 0 0 0 0 2 0 0 0 0 0 1 0 0 0 1 0 1 2 0 2 2 0 0 0 
0 1 1 0 1 0 0 0 1 1 0 1 0 0 0 0 0 0 0 1 0 0 0 0 1 1 0 1 0 0 1 0 0 1 1 0 1 1 1 0 0 1 0 0 
0 1 1 1 1 0 0 0 1 1 0 1 0 0 0 0 0 0 0 0 0 0 0 0 1 0 0 1 0 1 1 0 0 1 1 0 1 0 1 0 0 0 1 2 
2 0 0 0 0 0 0 0 0 1 0 1 1 0 0 0 0 1 0 1 0 1 1 0 1 0 0 1 0 0 2 0 1 1 1 1 0 1 0 2 1 0 1 1 
0 0 0 0 0 0 0 0 0 2 0 0 0 0 0 0 0 0 0 0 0 0 1 0 1 0 0 1 0 1 1 0 0 0 0 0 1 0 1 1 0 0 1 1 
0 0 0 0 0 0 0 0 1 2 0 0 0 0 0 0 0 0 0 0 0 0 0 0 1 0 0 2 0 0 0 0 0 0 2 0 0 2 0 1 1 0 0 1 
0 0 0 1 1 0 0 0 1 1 0 1 0 0 0 0 0 0 0 0 1 0 0 0 1 0 1 1 0 0 0 0 1 1 1 1 0 1 0 1 0 0 1 1 
0 0 0 0 0 0 1 0 0 2 0 0 0 0 0 1 0 0 0 1 0 1 1 0 1 0 0 1 0 1 2 0 0 0 1 0 1 1 1 1 1 1 0 0 
0 0 0 1 1 NA 0 0 2 0 0 1 0 0 1 0 1 0 0 0 1 0 0 0 2 0 0 0 1 0 1 1 1 1 1 0 2 0 2 0 0 1 0 0 
0 0 0 0 0 0 0 0 0 2 0 0 0 1 0 0 0 0 0 0 0 0 0 0 0 0 0 1 0 0 0 0 1 1 0 1 1 0 1 1 0 1 1 1 
0 2 2 0 2 0 0 1 1 0 0 2 0 0 0 0 0 0 0 0 0 0 0 1 2 0 0 1 0 0 1 0 1 1 1 1 0 1 0 2 1 0 1 1 
0 1 1 0 1 NA 0 1 1 0 0 1 0 0 1 0 1 0 0 0 0 0 0 1 1 0 0 1 0 0 0 0 0 0 1 0 2 0 1 0 0 1 0 0 
0 1 1 1 1 0 1 0 0 1 0 1 0 0 0 1 0 0 0 1 0 1 1 0 1 0 0 1 0 0 1 0 0 0 2 0 1 1 0 1 1 0 0 0 
0 1 1 0 1 NA 0 0 1 0 0 1 0 0 1 0 1 0 0 0 0 0 0 0 1 0 0 1 1 0 1 1 2 2 0 1 1 0 1 1 0 0 1 1 
0 1 1 1 1 0 0 0 1 0 0 2 1 0 0 0 0 1 1 0 0 0 0 0 0 0 0 1 0 0 0 0 1 1 1 1 1 0 0 1 0 0 0 0 
0 2 1 1 2 NA 0 0 0 0 1 2 0 0 0 0 0 0 0 1 1 1 1 0 1 1 0 1 0 0 1 0 0 1 1 0 1 0 1 0 0 0 0 0 
1 1 1 1 1 0 0 0 0 0 0 2 0 0 0 0 0 0 0 1 0 0 0 1 1 0 0 1 0 0 1 0 1 1 0 1 0 0 0 2 0 0 2 2 
0 1 1 0 1 0 0 1 0 1 0 1 0 0 0 0 0 0 0 0 0 0 0 1 2 2 0 0 0 0 2 0 0 2 0 0 2 0 2 0 0 1 0 1 
0 1 0 0 1 0 0 0 0 1 0 NA 0 0 0 0 0 0 0 0 1 0 0 0 1 0 0 1 1 0 0 1 1 1 1 0 1 1 1 0 0 1 1 2 
0 0 0 0 0 1 0 0 0 0 1 1 1 1 1 0 1 1 0 0 0 0 1 0 1 0 0 0 0 1 1 0 0 1 0 0 1 0 1 0 0 0 1 1 
1 1 1 1 2 0 0 1 1 0 1 2 0 1 0 0 0 0 0 1 0 0 1 0 1 0 0 1 0 1 2 0 0 0 2 0 0 2 0 2 2 0 0 0 
1 0 0 0 0 0 0 0 0 0 1 2 2 1 0 0 0 2 0 1 0 1 1 0 1 0 1 1 0 0 1 0 1 1 1 1 0 1 0 1 0 0 1 1 
0 0 0 0 0 0 0 0 0 2 1 0 0 1 0 0 0 0 0 0 0 0 0 0 0 0 0 2 0 0 0 0 0 0 0 0 0 0 0 2 0 0 0 0 
0 0 0 0 0 0 1 0 1 2 0 0 0 0 0 1 0 0 0 1 0 1 1 0 1 0 0 1 0 0 1 0 0 0 1 0 1 1 1 0 0 1 0 0 
0 0 0 0 0 0 1 0 0 2 0 0 0 0 0 1 0 0 0 1 0 1 1 0 0 0 0 1 0 0 0 0 0 0 1 0 1 1 1 1 1 0 0 1 
0 2 1 1 2 0 0 0 0 0 1 2 0 0 0 0 0 0 0 0 1 0 0 0 1 1 0 1 0 0 2 0 0 1 1 0 0 1 0 1 1 0 0 0 
0 0 0 0 0 0 0 0 0 0 0 2 2 0 0 0 0 2 1 0 0 0 0 0 1 0 0 0 0 0 0 0 0 2 0 0 1 0 0 0 0 0 0 0 
0 1 1 0 1 0 1 0 1 1 0 1 0 0 0 1 0 0 0 1 1 1 1 0 1 NA 0 1 0 1 2 0 1 1 1 1 0 1 0 2 1 0 1 1 
0 0 0 0 0 0 0 0 0 1 0 1 1 0 0 0 0 1 1 0 0 0 0 0 0 0 0 1 0 0 0 0 1 1 1 1 0 1 0 1 0 0 0 0 
0 0 0 0 0 0 0 0 0 2 0 0 0 0 0 0 0 0 1 0 0 0 0 0 0 0 0 1 0 0 0 0 0 1 0 0 0 1 0 1 1 0 0 0 
0 1 0 0 1 0 0 0 0 1 0 1 0 0 0 0 0 0 0 1 0 0 0 1 1 0 0 0 0 0 1 0 0 0 0 0 2 0 2 0 0 2 0 0 
1 1 1 0 1 NA 0 1 1 0 0 1 0 0 1 0 1 0 0 1 0 0 0 0 1 0 0 1 1 0 1 1 1 1 0 0 2 0 2 0 0 1 0 0 
1 1 1 1 1 0 0 1 0 0 0 2 0 0 0 0 0 0 0 0 1 0 0 0 1 0 0 1 0 0 2 0 1 1 1 1 0 1 0 2 1 0 1 1 
0 0 0 0 0 1 0 0 0 1 0 0 0 1 1 0 1 0 0 0 0 0 0 0 1 0 0 1 1 0 1 1 1 1 1 0 2 0 1 0 0 0 0 1 
1 1 0 0 1 0 0 0 0 1 0 1 0 0 0 0 0 0 0 0 0 0 0 0 1 0 0 0 0 0 1 0 0 1 1 0 0 1 0 0 0 0 0 0 
0 0 0 1 1 0 0 0 0 1 0 1 0 0 0 0 0 0 0 0 1 0 0 0 1 1 0 1 0 0 2 0 0 1 0 0 2 0 2 0 0 2 0 0 
0 0 0 0 0 0 0 0 0 2 0 0 0 0 0 0 0 1 0 1 0 1 1 0 2 0 1 0 0 0 0 0 1 2 0 1 0 0 0 2 1 0 1 1 
0 0 0 0 0 0 0 0 0 2 0 0 0 1 0 0 0 0 0 0 0 0 0 0 1 0 0 0 0 0 0 0 0 0 0 0 2 0 2 0 0 2 0 0 
0 0 0 1 1 NA 0 0 0 0 0 1 0 0 1 0 1 0 0 1 0 0 0 0 2 0 0 0 1 0 0 1 1 1 1 0 2 1 1 1 1 0 0 0 
0 1 1 0 1 0 0 1 0 1 NA 1 0 0 0 0 0 0 0 0 0 0 0 1 1 1 0 1 0 0 2 0 0 1 0 0 1 1 1 1 1 0 0 1 
1 0 0 0 0 0 0 0 0 1 0 1 1 1 0 0 0 1 0 0 0 0 0 0 1 1 0 1 0 0 2 0 1 2 0 1 1 0 1 1 0 1 1 1 
0 0 0 0 0 0 0 0 1 1 0 1 1 0 0 0 0 1 0 0 0 0 0 0 1 0 0 0 0 0 0 0 0 0 1 0 1 1 1 1 1 1 1 1 
0 1 1 1 1 1 0 0 0 0 1 1 0 0 1 0 1 0 0 0 0 0 0 0 1 0 0 1 1 0 1 1 0 0 2 0 0 2 0 1 1 0 0 1 
0 1 1 0 1 0 1 1 1 1 1 1 0 0 0 1 0 0 0 2 0 1 1 0 2 0 0 0 1 1 1 0 0 0 2 0 0 1 0 1 1 0 0 0 
0 0 0 0 0 0 0 0 1 2 0 0 0 0 0 0 0 0 0 0 0 0 0 0 0 0 0 2 0 0 0 0 0 0 0 0 0 1 0 2 1 0 0 0 
0 1 0 0 1 0 0 0 1 1 0 1 0 0 0 0 0 0 0 0 0 0 0 0 1 0 0 1 0 0 2 0 0 0 2 0 2 0 1 0 0 1 0 1 
0 1 0 0 2 0 0 0 1 0 0 2 0 0 0 0 0 0 0 0 0 0 0 0 0 0 0 2 0 0 1 0 0 0 0 0 0 1 0 2 1 0 1 1 
0 1 1 1 1 0 0 0 0 1 0 1 0 1 0 0 0 0 0 1 0 0 0 0 1 0 0 1 0 0 1 1 0 0 1 0 1 1 1 0 0 1 0 1 
0 1 0 0 1 0 0 0 1 1 0 NA 0 0 0 0 0 0 0 1 0 1 1 0 1 0 1 2 0 0 2 1 1 1 1 1 0 1 0 1 0 0 1 2 
1 2 2 0 2 0 0 1 0 0 0 2 0 0 0 0 0 0 0 1 1 0 0 0 0 0 0 2 0 0 2 0 1 1 1 1 0 1 0 2 1 0 1 1 
1 0 0 0 0 0 0 0 1 1 0 1 0 0 0 0 0 0 0 1 0 0 0 0 1 0 0 1 0 0 1 0 0 0 1 0 0 2 0 2 2 0 0 0 
0 0 0 0 0 0 0 0 0 1 0 1 1 0 0 0 0 1 0 0 1 0 0 0 2 0 0 1 0 0 1 0 1 1 1 1 0 1 0 1 0 0 1 2 
0 0 0 0 0 1 0 0 0 1 0 0 0 0 1 0 1 0 0 0 0 0 0 0 1 0 0 1 1 0 0 1 0 0 0 0 1 0 1 1 0 1 1 1 
0 1 1 0 1 0 1 0 0 1 0 1 0 0 0 NA 0 0 0 2 0 1 1 0 2 0 1 1 0 0 2 1 0 0 2 0 0 2 0 1 1 0 0 1 
0 0 0 0 0 0 0 0 0 2 0 0 0 0 0 0 0 0 0 0 0 0 0 0 1 1 0 1 0 0 2 0 1 2 1 1 1 0 1 1 0 1 1 1 
0 0 0 0 0 1 0 0 0 1 0 0 0 0 1 0 1 0 0 0 0 0 1 0 1 0 0 1 0 0 2 0 0 0 0 0 2 0 2 0 0 2 1 1 
0 0 0 0 0 0 0 0 0 2 0 0 0 0 0 0 0 0 1 0 1 0 0 0 1 0 0 0 0 1 1 0 0 1 1 0 0 1 0 1 1 0 0 0 
0 1 1 1 1 0 0 0 0 1 0 1 0 0 0 0 0 0 0 0 0 0 0 0 2 1 0 0 0 0 2 0 0 1 0 0 2 0 2 0 0 2 0 0 
0 1 1 0 1 0 0 1 0 0 0 2 0 0 0 0 0 0 0 1 0 0 0 1 1 1 0 1 0 0 1 0 0 1 1 0 1 1 1 0 0 0 0 1 
0 1 0 0 1 0 0 0 0 1 0 1 0 0 0 0 0 0 0 0 0 0 0 0 1 0 0 1 0 0 2 0 1 1 1 1 1 0 1 1 0 1 1 1 
0 0 0 0 0 0 0 0 1 0 1 2 2 0 0 0 0 2 1 1 0 0 0 0 1 NA 1 1 0 0 1 1 0 1 1 0 0 1 0 0 0 0 0 1 
1 0 0 0 0 0 0 0 0 1 0 1 0 0 0 0 0 0 0 1 0 0 0 0 1 0 0 1 0 0 0 0 0 0 0 0 0 0 0 2 0 0 2 2 
1 0 0 0 0 1 0 0 0 1 0 0 0 0 1 0 1 0 0 0 0 0 0 1 1 0 0 1 1 0 1 1 2 2 0 1 1 0 1 1 0 0 1 1 
0 1 1 0 1 0 1 1 0 1 0 1 0 0 0 1 0 0 0 1 0 1 1 0 1 0 0 1 0 1 1 0 0 0 1 0 1 1 1 1 1 1 0 0 
0 0 0 0 0 0 0 0 0 2 0 0 0 0 0 0 0 0 0 0 1 0 0 0 0 0 0 2 0 0 0 0 0 0 0 0 1 0 1 1 1 1 1 0 
0 0 0 0 0 0 0 0 0 2 0 0 0 0 0 0 0 0 0 0 0 0 0 0 1 0 0 1 0 1 1 0 0 0 1 0 0 2 0 2 2 0 0 0 
2 0 0 0 0 0 0 0 0 1 0 1 1 0 0 0 0 1 0 0 0 0 0 1 0 0 0 2 0 0 2 0 2 2 1 1 0 1 0 1 0 0 0 1 
0 1 1 0 1 0 0 0 0 1 1 1 0 1 0 0 0 0 0 0 1 0 0 0 1 0 0 1 0 0 1 0 0 1 0 0 1 0 1 1 0 1 0 0 
0 2 2 1 2 0 0 1 0 0 0 2 0 0 0 0 0 0 0 0 1 0 0 1 2 1 0 0 0 0 2 0 0 1 1 0 2 0 2 0 0 0 0 1 
0 0 0 0 0 1 0 0 1 1 0 0 0 0 1 0 1 0 0 0 0 0 0 0 1 0 0 1 0 0 2 0 1 1 2 1 1 0 1 1 0 0 1 1 
0 2 1 0 2 0 0 1 0 0 0 2 0 1 0 0 0 0 0 1 0 0 0 0 1 0 1 2 0 0 1 1 0 1 1 0 0 1 0 1 1 0 0 0 
0 0 0 0 0 0 0 0 1 2 0 0 0 0 0 0 0 0 0 0 0 0 0 0 0 0 0 1 0 0 1 0 0 0 0 0 2 0 2 0 0 2 0 0 
2 1 1 0 1 0 0 0 0 0 1 2 1 1 0 0 0 1 0 0 1 0 0 0 1 0 0 1 0 0 1 1 1 2 1 0 0 1 0 0 0 0 0 1 
1 1 0 0 1 0 0 0 0 0 0 2 0 0 0 0 0 0 0 1 0 0 0 0 2 0 0 0 0 0 1 0 0 0 1 0 1 0 1 1 0 1 1 1 
0 0 0 0 0 1 0 0 2 1 0 0 0 0 1 0 1 0 1 0 0 0 0 0 1 0 0 0 1 0 0 1 0 1 1 0 0 1 0 0 0 0 0 1 
0 0 0 0 0 0 1 0 0 2 1 0 0 0 0 1 0 0 0 1 0 1 1 0 1 0 0 1 0 1 1 0 1 1 0 1 0 0 0 2 0 0 2 2 
0 1 NA 0 1 0 0 1 1 1 0 1 0 0 0 0 0 0 0 0 0 0 0 1 1 1 0 1 0 0 1 0 0 1 0 0 1 1 1 1 1 0 0 1 
0 1 0 0 1 0 1 0 0 1 0 1 0 0 0 1 0 0 0 1 0 1 1 0 2 0 0 0 0 1 0 0 0 0 1 0 0 1 0 2 1 0 1 1 
0 0 0 0 0 0 1 0 0 2 0 0 0 0 0 1 0 0 0 1 0 1 1 0 1 0 0 1 0 0 2 0 1 1 2 1 0 1 0 2 1 0 1 1 
0 2 1 1 2 0 0 0 1 0 0 2 0 0 0 0 0 0 0 0 0 0 0 0 1 1 0 1 0 0 2 0 0 1 0 0 2 0 2 0 0 2 0 0 
0 0 0 0 0 0 0 0 0 0 0 2 2 0 0 0 0 2 2 0 0 0 0 0 0 0 0 0 0 0 0 0 0 2 0 0 0 0 0 0 0 0 0 0 
0 1 1 0 1 0 0 1 0 1 0 1 0 0 0 0 0 0 0 0 1 0 0 0 1 0 0 1 0 0 0 0 0 1 1 0 0 1 0 1 2 0 0 0 
0 1 1 0 1 0 0 0 0 1 0 1 0 0 0 0 0 0 0 1 0 0 0 0 0 0 0 2 0 0 0 0 0 0 1 0 0 1 0 1 0 0 0 0 
0 0 0 0 0 0 0 0 1 2 0 0 0 0 0 0 0 0 0 0 1 0 0 0 1 0 0 1 0 0 1 1 0 0 1 0 1 0 1 0 0 1 0 0 
0 0 0 0 0 0 0 0 1 2 0 0 0 0 0 0 0 0 0 0 0 0 0 0 1 0 0 1 0 0 0 0 0 1 0 0 0 2 0 2 2 0 0 0 
0 0 0 0 0 0 1 0 0 2 0 0 0 0 0 1 0 0 1 1 0 1 1 0 0 0 0 0 0 0 0 0 0 1 1 0 1 0 1 0 0 0 0 1 
0 1 1 0 1 0 0 1 1 1 1 1 0 1 0 0 0 0 0 1 0 0 0 0 1 0 0 1 0 0 0 0 0 0 0 1 1 0 1 1 0 1 1 1 
0 0 0 0 0 1 0 0 0 1 NA 0 0 0 1 0 1 0 0 0 0 0 0 0 1 0 0 1 1 0 0 1 1 1 0 0 1 1 1 1 1 0 0 0 
0 0 0 0 0 1 0 0 0 1 0 0 0 0 1 0 1 0 0 0 0 0 0 0 1 0 0 1 1 0 1 1 2 2 0 1 1 0 1 1 0 0 1 1 
0 0 0 0 0 0 0 0 1 2 0 0 0 0 0 0 0 0 0 0 0 0 0 0 1 1 0 0 0 0 1 0 0 1 0 0 2 0 2 0 0 2 0 0 
0 0 0 NA 0 0 0 0 1 2 0 0 0 1 0 0 0 0 0 0 0 0 0 0 1 1 0 1 0 0 2 0 0 1 1 0 2 0 2 0 0 1 0 0 
0 0 0 0 0 1 0 0 1 NA 0 0 0 0 1 0 1 0 0 0 0 0 0 1 2 1 0 0 1 0 1 1 1 2 0 0 1 0 1 1 1 0 1 0 
0 0 0 0 0 0 0 0 1 1 0 1 1 0 0 0 0 1 1 0 0 0 0 0 0 0 0 0 0 0 0 0 0 1 0 0 1 0 1 0 0 1 0 0 
0 2 1 0 2 0 0 0 0 0 1 2 0 0 0 0 0 0 0 1 1 0 0 0 1 1 0 1 0 0 1 0 0 1 1 0 0 1 0 0 0 0 0 0 
1 2 2 1 2 0 0 1 0 0 0 2 0 0 0 0 0 0 0 1 0 0 0 1 0 0 0 2 0 0 2 0 1 1 1 1 0 1 0 2 1 0 1 1 
0 0 0 0 1 0 0 0 0 1 1 1 0 0 0 0 0 0 0 0 0 0 1 0 1 0 0 1 0 1 2 0 0 0 0 0 1 1 1 1 1 0 0 0 
1 0 0 1 1 0 0 0 0 1 0 1 0 0 0 0 0 0 0 0 1 0 0 1 1 1 0 1 0 0 2 0 1 2 0 1 1 0 1 1 0 1 1 1 
0 0 0 NA 0 0 1 0 0 2 0 0 0 0 0 1 0 0 0 1 0 1 1 0 1 0 0 1 0 1 1 0 0 NA 1 0 1 0 0 1 0 0 1 2 
0 1 0 0 1 0 0 0 0 1 0 1 0 0 0 0 0 0 0 1 0 0 0 1 1 1 0 1 0 0 1 0 0 1 1 0 2 0 1 0 0 1 0 0 
0 1 1 0 1 0 0 0 0 1 0 1 0 0 0 0 0 0 0 1 0 0 0 1 0 0 0 1 0 0 0 0 0 0 1 0 2 0 1 0 0 1 0 0 
0 0 0 0 0 1 1 0 2 1 0 0 0 0 1 1 1 0 0 1 0 1 1 0 2 0 0 0 1 1 1 1 0 0 2 0 0 2 0 2 2 0 0 0 
0 2 1 1 2 0 0 0 0 0 0 2 0 1 0 0 0 0 0 0 0 0 0 0 1 0 0 1 0 0 1 0 0 0 1 0 1 1 1 1 1 0 0 1 
0 0 0 0 0 0 1 0 0 2 0 0 0 0 0 1 0 0 0 1 0 1 1 0 0 0 0 1 0 0 1 0 0 0 1 0 2 0 2 0 NA 1 0 1 
1 2 1 1 2 0 0 0 1 0 1 2 0 1 0 0 0 0 0 0 1 0 0 1 1 0 0 1 0 0 1 1 1 1 1 1 1 0 1 1 NA NA 1 2 
0 1 1 1 1 0 0 0 0 1 1 1 0 1 0 0 0 0 0 0 0 0 0 0 1 0 0 2 0 0 2 0 1 1 0 1 1 0 1 1 0 1 1 1 
0 0 0 1 1 0 0 0 0 1 0 1 0 0 0 0 0 0 0 0 1 0 0 0 1 1 0 1 0 0 1 0 0 0 1 1 0 1 0 1 NA 0 0 0 
0 0 0 0 0 0 2 0 1 2 0 0 0 0 0 2 0 0 0 2 0 1 1 0 1 0 0 1 0 1 1 0 0 0 2 0 0 2 0 1 1 0 0 0 
0 0 0 0 0 0 1 0 1 2 0 0 0 0 0 1 0 0 0 1 0 1 1 0 1 0 0 1 0 1 1 0 1 1 0 1 0 0 0 2 0 0 2 2 
0 1 0 0 1 0 1 0 0 1 0 1 0 0 0 1 0 0 0 1 0 0 0 1 0 0 0 2 0 0 1 0 1 1 1 1 1 0 0 1 0 0 1 1 
1 1 1 0 1 0 0 1 NA NA 0 1 0 0 0 0 0 0 0 1 0 0 0 0 0 0 0 1 0 0 1 0 0 0 1 0 1 1 1 1 1 1 0 0 
1 0 0 0 0 0 0 0 0 1 1 1 1 1 0 0 0 2 1 1 0 1 1 0 1 0 1 0 0 0 0 0 0 2 0 0 0 0 0 1 1 0 1 0 
1 0 0 0 0 0 0 0 0 1 0 1 0 1 0 0 0 0 0 1 0 0 0 0 1 0 0 0 0 0 0 0 1 1 0 1 1 0 1 1 NA 1 1 1 
0 1 0 0 1 0 0 0 0 0 NA 2 1 1 0 0 0 1 0 1 0 1 1 0 2 0 1 0 0 0 1 0 0 0 2 0 1 1 1 0 0 1 0 0 
0 0 0 0 0 0 0 0 1 2 0 0 0 0 0 0 0 0 0 0 0 0 0 0 0 0 0 2 0 0 0 0 0 0 0 0 0 1 0 2 1 0 0 0 
1 1 1 0 1 0 0 1 1 1 0 1 0 0 0 0 0 0 0 1 0 0 0 0 0 0 0 2 0 0 2 0 1 1 1 0 1 1 1 1 1 0 0 0 
0 1 0 0 1 0 0 0 0 1 0 1 0 1 0 0 0 0 1 0 0 0 0 0 1 0 0 0 0 0 1 0 0 1 1 0 1 0 1 0 0 1 0 0 
0 1 1 0 1 0 0 0 0 1 1 1 0 0 0 0 0 0 0 0 2 0 0 0 1 0 0 1 0 0 2 0 1 1 1 1 0 1 0 2 1 0 0 0 
0 0 0 0 0 1 0 0 0 1 0 0 0 0 1 0 1 0 0 0 0 0 0 0 1 0 0 0 1 0 0 1 1 1 0 0 2 0 2 0 0 1 0 0 
0 2 0 0 2 0 0 0 1 0 1 2 0 0 0 0 0 0 0 0 1 0 0 0 2 1 0 0 0 0 1 0 0 1 1 0 0 1 0 1 1 0 0 0 
0 0 0 0 0 0 1 0 0 2 0 0 0 0 0 1 0 0 0 1 0 1 1 0 1 0 0 0 0 1 1 0 0 1 1 0 0 1 0 1 1 0 0 0 
NA 0 0 0 0 0 0 0 1 2 0 0 0 0 0 0 0 0 0 0 0 0 0 1 1 1 0 1 0 0 2 0 1 2 0 1 1 0 1 1 0 1 0 1 
0 0 0 0 0 0 0 0 0 2 1 0 0 0 0 0 0 0 0 0 0 0 0 0 0 0 0 2 0 0 1 0 1 1 0 1 0 0 0 2 0 0 0 0 
0 2 1 0 2 0 0 0 0 0 1 2 0 0 0 0 0 0 0 1 0 0 0 0 1 0 1 2 0 0 2 1 1 1 1 1 0 1 0 1 0 0 1 2 
0 0 0 0 0 0 1 0 0 2 0 0 0 0 0 1 0 0 0 2 0 NA NA 0 2 0 0 0 0 2 2 0 1 1 1 1 0 1 0 2 1 0 1 1 
1 2 1 0 2 0 0 1 0 0 0 2 0 0 0 0 0 0 0 1 0 0 0 0 1 0 0 1 0 0 2 0 0 0 2 0 1 1 1 1 1 1 0 0 
0 1 1 1 1 1 0 0 0 0 1 1 0 1 1 0 1 0 0 0 0 0 0 0 2 0 0 0 1 0 0 2 1 2 0 0 1 1 1 0 0 0 0 1 
0 0 0 0 0 0 1 0 0 2 0 0 0 0 0 1 0 0 0 1 0 1 1 0 1 0 0 1 0 0 2 0 1 1 1 1 0 1 0 2 1 0 1 1 
0 2 2 0 2 0 0 2 0 0 0 2 0 0 0 0 0 0 0 0 0 0 0 1 2 1 0 0 0 0 1 0 0 1 1 0 1 1 1 1 1 0 0 1 
1 1 1 1 1 0 0 0 0 1 0 1 0 0 0 0 0 0 0 0 0 0 0 1 2 0 0 0 0 1 1 1 0 1 0 0 1 1 1 0 0 0 1 2 
0 0 0 0 0 0 0 0 0 2 1 0 0 0 0 0 0 0 0 0 0 0 0 0 0 0 0 2 0 0 2 0 1 1 0 1 0 1 0 2 1 0 1 1 
0 2 1 1 2 0 0 0 1 0 0 2 0 1 0 0 0 0 0 0 0 0 0 0 1 0 0 1 0 0 0 0 0 0 2 0 1 1 0 1 1 0 0 0 
0 1 1 1 1 0 1 0 0 1 0 1 0 0 0 1 0 0 0 1 0 1 1 1 1 0 0 1 0 1 2 0 0 0 2 0 1 1 1 1 1 1 0 0 
0 1 0 0 1 0 0 0 0 1 0 1 0 1 0 0 0 0 0 0 0 0 0 0 0 0 0 2 0 0 0 0 1 1 0 1 0 0 0 1 0 0 2 2 
0 1 1 1 1 0 0 0 0 0 0 2 1 0 0 0 0 1 1 0 0 0 0 0 0 0 0 1 0 0 1 0 0 1 1 0 0 1 0 1 1 0 0 0 
1 1 1 0 1 0 0 1 1 1 0 1 0 0 0 0 0 0 0 0 0 0 0 1 0 0 0 2 0 0 1 0 1 1 0 1 1 0 1 1 0 1 1 1 
1 1 NA 0 1 0 0 1 0 1 1 1 0 0 0 0 0 0 0 1 0 0 0 0 0 0 0 1 0 0 1 0 0 0 1 0 1 1 1 1 1 1 0 0 
0 2 1 0 2 0 0 0 0 0 0 2 0 0 0 0 0 0 0 1 1 0 0 1 0 0 0 2 0 0 1 0 1 1 1 1 1 0 0 1 0 0 1 1 
0 0 0 0 0 1 0 0 0 0 0 1 1 0 1 0 1 1 1 0 0 0 0 0 1 0 0 0 1 0 0 1 2 2 0 1 1 0 1 1 0 0 0 0 
0 0 0 0 0 0 0 0 1 2 0 0 0 0 0 0 0 0 0 0 0 0 0 0 0 0 0 2 0 0 1 0 0 1 0 0 0 1 0 1 1 0 0 0 
0 1 1 1 1 0 0 0 0 1 0 1 0 1 0 0 0 0 0 0 0 0 0 0 0 0 0 1 0 0 0 0 0 0 1 0 2 0 1 0 0 1 0 0 
1 1 1 1 1 0 0 0 0 1 0 1 0 0 0 0 0 0 0 1 1 0 1 1 1 0 0 1 0 0 1 1 0 0 1 0 1 1 1 1 1 0 1 1 
1 1 1 0 1 0 0 1 2 0 0 2 1 0 0 0 0 1 1 1 0 0 0 0 0 0 0 1 0 0 1 0 0 1 1 0 0 1 0 1 1 0 0 0 
0 0 0 0 0 0 0 0 1 2 0 0 0 0 0 0 0 0 0 0 0 0 0 0 1 0 0 0 0 1 1 0 0 0 1 0 1 1 1 1 1 1 0 0 
0 1 1 0 1 0 0 0 0 1 0 1 0 0 0 0 0 0 0 0 0 0 0 0 1 0 0 1 0 0 1 0 1 2 0 1 0 1 0 2 1 0 1 1 
1 2 2 0 2 0 0 1 0 0 0 2 0 0 0 0 0 0 0 1 1 0 0 0 0 0 0 2 0 0 2 0 1 1 1 1 0 1 0 2 1 0 1 1 
0 0 0 0 0 0 1 0 1 2 0 0 0 0 0 1 0 0 0 1 0 1 1 0 1 0 0 1 0 0 1 0 1 1 1 1 0 1 0 2 1 0 1 1 
1 2 2 1 2 0 0 1 1 0 0 2 0 0 0 0 0 0 0 1 0 0 0 1 0 0 0 2 0 0 2 0 2 2 0 2 0 0 0 2 0 0 2 2 
0 1 0 0 1 0 0 0 1 0 1 2 0 0 0 0 0 0 0 1 1 0 0 1 1 1 0 1 0 0 1 0 0 1 0 1 0 0 0 1 0 0 0 0 
1 1 1 0 1 0 0 1 0 0 0 2 0 0 0 0 0 0 0 2 0 0 0 0 1 0 0 0 0 0 0 0 0 0 0 0 2 0 2 0 0 2 1 1 
0 1 1 0 1 0 0 0 0 1 0 1 0 0 0 0 0 1 0 1 1 1 1 0 1 0 1 1 0 0 1 0 1 2 0 1 0 0 0 2 1 0 1 1 
0 0 0 1 1 0 0 0 0 1 0 1 0 0 0 0 0 0 0 0 1 0 0 0 1 1 0 1 0 0 2 0 1 2 0 1 1 0 1 1 0 0 1 2 
0 0 0 0 0 0 0 0 1 2 0 0 0 0 0 0 0 0 0 0 0 0 0 0 0 0 0 2 0 0 0 0 0 0 0 0 0 0 0 2 0 0 0 0 
0 0 0 0 0 1 0 0 0 1 0 0 0 0 1 0 1 0 0 0 0 0 0 0 1 0 0 0 1 0 0 1 2 1 0 0 2 0 2 0 0 1 1 0 
0 0 0 0 0 0 0 0 0 0 0 2 2 0 0 0 0 2 2 0 0 0 0 0 0 0 0 0 0 0 0 0 1 2 0 1 0 0 0 1 0 0 0 0 
0 0 0 1 1 0 0 0 0 1 0 1 0 1 0 0 0 0 0 1 0 0 0 0 0 0 1 2 0 0 1 1 0 0 1 0 0 2 0 1 1 0 1 1 
0 0 0 0 1 0 0 0 0 1 0 1 0 0 0 0 0 0 0 0 0 0 0 0 2 1 0 0 0 0 1 0 0 2 0 0 0 1 0 2 2 0 1 0 
0 1 0 0 1 1 0 0 1 0 1 NA 0 1 1 0 1 0 0 0 0 0 0 0 1 0 0 1 1 0 0 1 1 1 1 0 1 1 1 0 0 0 0 0 
0 0 0 0 1 1 0 0 0 0 0 1 0 0 1 0 1 0 0 0 0 0 0 0 1 0 0 1 1 0 1 1 0 0 1 0 0 2 0 1 1 0 0 1 
1 0 0 0 0 0 0 0 0 2 0 0 0 0 0 0 0 0 0 0 1 0 0 0 1 0 0 1 0 0 1 0 1 1 1 1 0 1 0 2 1 0 1 1 
0 1 1 0 1 0 0 0 1 0 0 2 1 1 0 0 0 1 1 0 1 0 0 0 0 0 0 1 0 0 1 0 1 2 0 1 0 0 0 1 0 0 1 1 
0 0 0 0 0 0 1 0 0 2 0 0 0 0 0 1 0 0 0 1 0 1 1 0 1 0 0 1 0 1 1 0 0 0 2 0 0 2 0 2 2 0 0 0 
0 0 0 0 0 0 1 0 0 2 0 0 0 0 0 1 0 0 0 1 0 1 NA 0 2 0 0 0 0 1 2 0 0 0 1 0 1 1 1 1 1 0 1 1 
0 1 1 0 1 0 0 1 0 1 0 1 0 0 0 0 0 0 0 1 0 0 0 0 2 0 1 0 0 0 0 0 0 0 1 0 0 1 0 1 NA 0 1 1 
0 1 1 1 1 0 0 0 0 0 0 2 1 0 0 0 0 1 1 0 0 0 0 0 1 0 0 0 0 0 0 0 1 2 0 1 0 1 0 2 1 0 0 0 
0 1 0 0 1 0 0 0 1 1 0 1 0 1 0 0 0 0 0 0 0 0 0 0 1 0 0 1 0 0 2 0 1 1 1 1 1 0 1 1 0 1 1 1 
0 0 0 1 1 0 0 0 1 1 0 1 0 0 0 0 0 0 0 0 1 0 0 0 2 0 0 0 0 0 1 0 0 1 1 0 0 2 0 2 2 0 0 0 
1 0 0 0 0 0 0 0 0 2 0 0 0 0 0 0 0 1 0 1 1 0 1 0 1 0 1 1 0 0 0 0 1 1 0 0 2 0 2 0 0 1 1 1 
1 1 1 0 1 0 0 1 0 1 0 1 0 0 0 0 0 0 0 1 0 0 1 0 1 0 0 1 0 1 2 0 0 0 1 0 1 1 1 1 1 0 1 1 
0 1 0 0 1 0 0 0 0 1 0 1 0 0 0 0 0 0 0 0 0 0 0 1 2 1 0 0 0 0 1 0 0 2 0 0 2 0 1 0 0 0 0 1 
0 2 2 1 2 0 0 1 1 0 0 2 0 0 0 0 0 0 0 0 1 0 0 0 1 0 0 0 0 0 0 0 0 NA 1 0 0 1 0 1 1 0 0 0 
0 1 1 0 1 0 0 1 2 1 0 1 0 0 0 0 0 0 0 0 0 0 0 0 0 0 0 2 0 0 1 0 0 0 0 0 2 0 2 0 0 2 0 0 
0 1 0 0 1 0 0 0 1 1 0 0 0 0 0 0 0 0 0 0 0 0 0 0 0 0 0 1 0 0 1 0 1 1 0 1 1 0 1 1 0 1 1 1 
0 1 1 0 1 0 0 NA 0 1 1 1 0 1 0 0 0 0 1 1 0 0 0 0 1 0 1 1 0 0 1 1 0 1 1 0 0 1 0 0 0 0 0 1 
0 1 1 0 1 0 0 1 0 1 0 1 0 0 0 0 0 0 0 1 0 0 0 0 2 1 0 0 1 0 1 1 0 1 1 0 0 0 0 0 0 0 0 0 
0 0 0 0 0 0 0 0 0 1 0 1 1 0 0 0 0 1 0 0 2 0 0 0 1 0 0 0 0 0 0 0 0 1 1 0 1 1 1 0 0 0 0 2 
0 1 1 NA 2 0 0 0 0 0 0 2 0 0 0 0 0 0 0 0 0 0 0 0 1 0 0 1 0 0 1 0 0 0 1 1 0 1 0 2 1 0 0 0 
0 1 1 1 1 0 0 0 1 1 0 1 0 0 0 0 0 0 0 0 0 0 0 0 0 0 0 2 0 0 1 0 1 1 0 1 1 0 1 1 0 1 1 1 
0 1 1 0 1 0 0 1 1 1 0 1 0 0 0 0 0 0 0 0 0 0 1 0 1 0 0 1 0 1 1 0 0 0 0 0 1 0 1 1 0 1 0 0 
0 2 2 0 2 0 0 0 0 0 0 2 0 0 0 0 0 0 0 2 0 0 0 0 1 0 1 2 0 0 1 1 0 0 1 1 0 1 0 1 0 0 0 1 
0 1 1 1 1 0 0 0 0 1 0 1 0 0 0 0 0 0 0 0 1 0 0 0 1 0 0 1 0 0 0 0 0 0 0 0 0 1 0 2 1 0 1 1 
0 2 1 1 2 0 0 0 1 0 0 2 0 0 0 0 0 0 0 0 0 0 0 1 1 0 0 1 0 0 2 0 1 1 1 1 1 0 1 1 0 1 1 1 
0 1 NA 0 1 0 0 0 0 1 0 1 0 0 0 0 0 0 0 0 0 0 0 0 2 1 0 0 0 0 2 0 0 1 1 0 1 1 1 1 1 1 0 0 
0 1 1 0 1 0 0 0 0 1 0 1 0 0 0 0 0 0 0 1 0 0 0 0 0 0 0 2 0 0 0 0 0 0 1 0 0 2 0 1 1 0 0 0 
0 1 0 0 1 0 0 0 0 1 1 1 0 0 0 0 0 0 0 0 0 0 0 1 0 0 0 2 0 0 0 0 0 0 1 0 1 0 0 1 0 0 0 0 
0 1 1 0 1 0 0 0 2 1 0 1 0 0 0 0 0 0 0 0 0 0 0 0 0 0 0 1 0 0 0 0 0 1 0 0 0 1 0 1 0 0 0 1 
0 1 0 0 1 0 0 0 1 1 1 1 0 0 0 0 NA 0 0 0 1 0 0 0 1 1 0 1 0 0 1 0 0 1 0 0 0 1 0 1 1 0 0 0 
0 0 0 0 0 0 0 0 1 1 0 1 1 0 0 0 0 1 1 0 0 0 0 0 0 0 0 1 0 0 1 0 0 1 0 0 1 0 1 0 0 1 0 0 
0 1 1 1 1 0 0 1 0 0 1 2 0 0 0 0 0 0 0 0 1 0 0 1 2 2 0 0 0 0 2 0 0 2 0 0 2 0 2 0 0 1 0 1 
0 1 1 0 1 0 1 1 0 1 0 1 0 1 0 1 0 0 0 1 0 1 1 0 2 0 0 0 0 1 0 0 0 0 1 0 0 1 0 2 1 0 1 1 
0 0 0 0 0 0 1 0 0 2 0 0 0 0 0 1 0 0 0 1 0 0 0 0 0 0 0 1 0 0 1 0 0 0 1 0 1 1 1 1 1 1 0 0 
0 1 1 0 1 0 0 0 0 1 0 1 0 0 0 0 0 0 0 1 0 0 0 0 2 1 1 1 0 0 2 1 0 1 1 0 1 1 1 0 0 1 0 1 
1 1 1 0 1 1 0 1 0 0 0 1 0 0 1 0 1 0 0 1 0 0 0 0 1 0 0 1 1 0 1 1 2 2 0 1 1 0 1 1 0 0 0 1 
0 1 0 0 1 0 0 0 1 0 1 2 1 1 0 0 0 1 1 0 1 0 0 0 1 0 0 1 0 0 1 0 1 1 0 1 0 1 0 2 1 0 1 1 
1 2 1 0 2 0 0 1 0 0 0 2 0 0 0 0 0 0 0 2 0 0 0 1 0 0 0 2 0 0 2 0 1 1 1 1 0 1 0 2 1 0 1 1 
0 0 0 0 0 NA 0 0 0 0 0 0 0 0 2 0 NA 0 0 0 0 0 0 0 2 0 0 0 2 0 0 2 1 1 1 0 1 1 1 0 0 0 0 1 
0 2 2 NA 2 0 0 0 0 0 0 2 0 0 0 0 0 0 0 0 0 0 0 0 0 0 0 2 0 0 1 0 0 0 1 0 0 2 0 2 2 0 0 0 
0 1 0 0 1 0 0 0 0 1 1 1 0 0 0 0 0 0 0 0 1 0 0 0 1 1 0 0 0 0 1 0 0 1 0 0 1 0 1 0 0 1 0 0 
0 1 0 0 1 0 1 0 1 1 1 1 0 0 0 1 0 0 0 1 1 1 1 0 2 1 0 0 0 1 2 0 0 1 1 0 0 1 0 1 1 0 0 0 
0 0 0 0 0 0 0 0 0 2 0 0 0 1 0 0 0 0 0 0 0 0 0 0 0 0 0 1 0 0 1 0 1 1 0 1 1 0 1 1 0 1 1 1 
0 0 0 0 0 1 0 0 0 1 0 0 0 0 1 0 0 0 0 0 0 0 0 0 2 1 0 0 1 0 1 1 1 2 0 0 2 0 2 0 0 1 0 0 
0 1 1 NA 2 0 0 0 0 0 0 2 0 0 0 0 0 0 0 1 0 0 0 0 1 0 1 2 0 0 2 1 0 0 2 0 0 2 0 1 1 0 0 1 
1 1 1 0 1 1 0 1 1 0 0 1 0 0 1 0 1 0 0 1 0 0 0 0 1 0 0 1 1 0 1 1 1 1 1 1 0 1 0 2 1 0 1 1 
2 1 1 0 1 0 0 1 0 1 1 1 0 1 0 0 0 0 0 1 0 0 0 0 0 0 0 2 0 0 2 0 1 1 1 1 0 1 0 2 1 0 1 1 
0 0 0 0 0 1 0 0 1 1 0 0 0 0 1 0 1 0 0 0 0 0 0 0 1 0 0 0 1 0 0 1 1 1 0 0 2 0 2 0 0 1 0 0 
0 1 1 1 1 0 0 0 1 1 0 1 0 0 0 0 0 0 0 1 0 1 0 1 2 1 0 0 1 0 1 1 0 1 1 0 1 0 1 0 0 0 0 1 
0 0 0 0 0 0 0 0 1 1 0 1 1 0 0 0 0 2 1 1 0 1 1 0 1 0 1 0 0 0 0 0 1 2 0 1 0 0 0 2 1 0 0 0 
0 0 0 1 1 0 0 0 2 1 0 1 0 0 0 0 0 0 0 1 0 0 0 0 1 0 1 2 0 0 1 1 0 0 1 0 0 2 0 1 1 0 0 1 
0 0 0 0 0 0 1 0 1 2 0 0 0 0 0 1 0 0 0 1 0 1 1 0 1 0 0 1 0 0 1 0 0 0 1 0 1 1 1 1 1 1 0 0 
0 2 1 0 2 0 0 1 1 0 0 2 0 0 0 0 0 0 0 0 0 0 0 0 0 0 0 2 0 0 0 0 0 0 0 0 0 1 0 2 1 0 1 1 
1 1 1 0 1 0 0 1 1 1 0 1 0 0 0 0 0 1 0 1 0 0 0 0 1 0 1 2 0 0 0 1 0 1 0 0 0 1 0 1 1 0 0 0 
1 1 1 0 1 0 0 0 0 1 1 1 0 0 0 0 0 0 0 0 0 0 0 1 0 0 0 2 0 0 2 0 2 2 0 2 0 0 0 2 0 0 1 2 
0 1 1 0 1 0 1 1 0 1 0 1 0 1 0 1 0 0 0 2 0 1 1 0 2 0 0 0 0 1 1 0 1 1 0 1 1 0 1 1 0 1 2 2 
0 1 1 1 1 0 1 0 1 1 0 1 0 0 0 1 0 0 0 1 0 1 1 0 2 0 0 0 0 0 1 0 0 0 2 0 0 2 0 2 2 0 0 0 
1 1 1 1 1 0 0 0 1 1 0 1 0 0 0 0 0 1 0 1 0 1 1 0 1 0 1 1 0 0 1 0 0 0 2 0 0 2 0 1 1 0 0 0 
0 1 1 0 1 0 1 1 0 1 0 1 0 1 0 1 0 0 0 2 0 1 1 0 2 0 0 0 0 0 1 0 0 0 1 0 1 1 1 1 1 1 1 1 
0 0 0 0 0 1 0 0 0 1 0 0 0 1 1 0 1 0 0 0 0 0 0 0 2 1 0 0 1 0 1 1 0 1 1 0 1 1 1 0 0 1 0 1 
0 1 1 0 1 0 0 1 0 1 0 1 0 0 0 0 0 1 0 2 0 1 1 0 2 0 1 0 1 0 0 1 0 1 1 0 0 0 0 1 1 0 0 0 
0 2 2 0 2 0 0 2 1 0 0 2 0 0 0 0 0 0 0 0 0 0 0 0 0 0 0 0 0 0 0 0 0 0 0 0 2 0 2 0 0 2 0 0 
0 0 0 1 1 0 0 0 0 1 0 1 0 0 0 0 0 0 0 0 1 0 0 0 1 1 0 1 0 0 1 0 0 0 1 0 1 1 1 1 1 1 0 0 
0 1 0 0 1 0 0 0 0 1 1 1 0 0 0 0 0 0 0 0 1 0 0 0 2 2 0 0 0 0 2 0 0 2 0 0 2 0 2 0 0 2 0 0 
0 1 1 1 1 1 0 0 0 0 0 1 0 0 1 0 1 0 0 0 0 0 0 0 1 0 0 1 1 0 1 1 0 0 2 0 0 2 0 1 1 0 0 1 
0 0 0 0 0 0 0 0 0 2 0 0 0 0 0 0 0 0 0 0 0 0 0 0 0 0 0 2 0 0 0 0 0 0 0 0 0 1 0 2 1 0 0 0 
0 0 0 0 0 0 0 0 0 1 1 1 1 1 0 0 0 1 0 1 0 1 1 0 1 0 1 0 0 0 0 0 0 0 1 0 1 1 1 0 0 1 0 0 
0 1 0 0 1 0 0 0 0 1 0 1 0 0 0 0 0 1 0 1 0 1 1 0 2 0 1 0 0 0 1 0 0 0 1 0 2 0 2 0 0 2 0 0 
0 0 0 0 0 0 0 0 0 2 0 0 0 0 0 0 0 0 0 0 0 0 0 0 0 0 0 1 0 0 0 0 0 0 1 0 0 1 0 2 1 0 0 0 
0 0 0 0 0 0 0 0 0 2 0 0 0 0 0 0 0 0 0 0 0 0 0 0 0 0 0 2 0 0 0 0 0 0 1 0 1 0 1 1 0 0 0 1 
0 1 0 0 1 0 0 0 1 1 0 1 0 0 0 0 0 1 0 1 0 1 1 0 2 0 1 0 0 0 0 0 0 1 1 0 0 1 0 2 2 0 0 0 
0 0 0 0 0 1 0 0 0 1 1 0 0 0 1 0 1 0 0 1 0 1 1 0 1 0 0 1 0 0 1 0 0 0 2 0 2 0 2 0 0 1 0 0 
0 1 1 0 1 1 0 1 0 0 0 1 0 0 1 0 1 0 0 0 0 0 0 1 2 1 0 0 1 0 1 1 1 2 0 0 2 0 2 0 0 0 0 1 
2 0 0 0 0 0 0 0 1 1 0 1 1 0 0 0 0 1 0 0 0 0 0 0 0 0 0 2 0 0 2 0 2 2 0 2 0 0 0 2 0 0 2 2 
1 1 0 0 1 0 0 0 1 1 1 1 0 1 0 0 0 0 0 0 1 0 0 0 1 0 0 0 0 0 0 1 0 0 1 0 2 0 2 0 0 1 0 1 
0 0 0 0 0 0 0 0 0 1 0 1 1 0 0 0 0 1 0 0 0 0 0 0 0 0 0 2 0 0 1 0 0 0 1 0 1 0 1 1 0 0 0 0 
0 0 0 1 1 0 0 0 0 0 0 2 1 0 0 0 0 1 1 1 0 0 0 0 1 0 1 1 0 0 1 1 1 1 1 1 0 1 0 1 0 0 0 1 
1 1 1 0 1 0 0 0 0 0 0 2 1 0 0 0 0 1 0 0 1 0 0 0 0 0 0 2 0 0 1 0 1 2 0 1 1 0 1 1 0 1 1 1 
1 1 1 0 1 0 0 1 1 1 0 1 0 0 0 0 0 0 0 1 0 0 0 0 0 0 0 1 0 0 1 0 0 0 0 0 2 0 2 0 0 2 0 0 
0 2 1 1 2 0 0 0 0 0 1 2 0 1 0 0 0 0 0 0 0 0 0 1 1 1 0 1 0 0 2 0 0 1 1 0 1 1 1 1 1 0 0 1 
0 0 0 0 0 1 0 0 0 1 0 0 0 0 1 0 1 0 0 0 0 0 0 0 2 1 0 0 0 0 2 0 0 1 1 0 1 1 1 1 1 1 0 0 
0 1 1 0 1 0 0 1 0 1 1 1 0 0 0 0 0 0 0 0 0 0 0 0 0 0 0 2 0 0 0 0 0 0 0 1 0 1 0 2 1 0 0 0 
0 0 0 0 0 1 0 0 0 1 0 0 0 0 1 0 1 0 0 1 1 1 1 0 1 0 0 1 0 1 1 0 1 1 1 0 1 1 1 1 1 1 1 1 
0 0 0 0 0 0 0 0 0 0 0 2 2 0 0 0 0 2 2 0 0 0 0 0 0 0 0 0 0 0 0 0 0 0 0 0 2 0 2 0 0 2 0 0 
0 1 1 1 1 0 1 0 2 1 0 1 0 0 0 1 0 0 0 1 0 1 1 0 1 0 0 1 0 0 0 0 0 0 1 1 0 1 NA 1 0 0 0 0 
1 2 1 0 2 0 0 1 1 0 1 2 0 0 0 0 0 0 1 1 0 0 0 0 1 0 0 1 0 1 2 0 0 0 2 0 0 2 0 2 2 0 0 0 
0 1 1 0 1 0 0 0 0 1 1 1 0 0 0 0 0 0 1 1 0 0 0 0 0 0 0 1 0 0 0 0 0 2 0 0 0 0 0 0 0 0 0 0 
0 1 1 1 1 0 0 0 0 1 0 1 0 0 0 0 0 0 0 0 0 0 0 1 0 0 0 2 0 0 2 0 1 1 0 1 1 0 1 1 0 1 1 1 
0 1 1 0 1 1 0 0 0 0 0 1 0 0 1 0 1 0 0 1 0 0 0 0 1 0 1 1 1 0 1 2 1 1 1 0 1 1 1 0 0 0 0 1 
0 1 0 0 1 0 0 0 1 1 1 1 0 0 0 0 0 0 0 0 1 0 0 0 1 1 0 1 0 0 2 0 1 2 0 1 0 0 0 1 0 0 1 1 
2 1 1 0 1 0 0 0 0 1 1 1 0 NA 0 0 0 0 0 0 1 0 0 1 0 0 0 2 0 0 1 0 1 1 0 1 0 1 0 2 1 0 1 1 
0 0 0 1 1 0 0 0 0 1 1 1 0 0 0 0 0 0 0 0 1 0 0 0 1 1 0 1 0 0 1 0 0 1 1 0 1 1 1 1 1 1 0 0 
1 1 1 0 1 0 0 0 2 0 1 2 1 1 0 0 0 1 1 0 1 0 0 0 0 0 0 1 0 0 0 1 1 1 1 1 0 1 0 2 1 0 0 0 
0 2 0 0 2 0 0 0 0 1 0 1 0 1 0 0 0 0 0 0 1 0 0 0 2 0 0 0 0 0 1 0 0 0 1 1 0 1 0 1 0 1 1 0 
0 1 1 0 1 0 0 0 1 1 1 1 0 1 0 0 0 0 0 0 1 0 0 0 0 0 0 1 0 0 1 0 1 1 0 1 1 0 1 1 0 1 1 1 
0 0 0 1 1 0 0 0 0 1 0 1 0 0 0 0 0 0 0 1 0 0 0 0 1 0 1 2 0 0 1 1 0 0 1 0 0 2 0 1 1 0 0 1 
0 1 1 1 1 0 0 0 1 1 0 1 0 0 0 0 0 0 0 0 0 0 0 0 1 0 0 1 0 0 2 0 1 1 2 1 0 1 0 2 1 0 1 1 
1 0 0 0 0 0 0 0 1 2 0 0 0 0 0 0 0 1 0 1 0 1 NA 0 2 0 1 0 0 1 1 0 0 1 0 0 1 0 1 1 1 0 1 1 
0 1 0 0 1 1 0 0 1 0 1 1 0 0 1 0 1 0 1 0 0 0 0 0 1 1 0 0 0 0 1 0 0 2 0 0 1 0 1 0 0 0 0 1 
1 1 1 0 1 0 0 0 1 0 0 2 1 0 0 0 0 1 0 0 1 0 0 0 0 0 0 2 0 0 2 0 2 2 0 2 0 0 0 2 0 0 1 2 
1 0 0 0 0 0 0 0 1 1 0 1 0 0 0 0 0 0 0 1 0 0 0 0 1 0 0 0 0 0 0 0 0 0 0 0 1 0 1 1 0 1 1 1 
0 0 0 0 0 0 0 0 0 1 0 1 1 0 0 0 0 1 0 0 0 0 0 0 1 0 0 1 0 0 0 0 0 1 1 0 2 0 1 0 0 0 0 0 
0 0 0 0 0 0 0 0 0 1 0 1 1 0 0 0 0 2 1 1 0 1 1 0 1 0 1 0 0 0 0 0 0 2 0 0 0 0 0 1 1 0 0 0 
0 1 0 0 1 0 0 0 NA 2 1 NA 0 0 0 0 0 0 NA 0 0 0 NA 0 NA 0 0 0 1 1 1 NA 0 NA 1 0 0 1 0 0 0 0 0 1 
1 1 1 0 1 0 0 1 2 1 0 1 0 0 0 0 0 0 0 1 0 0 0 0 0 0 0 2 0 0 1 0 0 0 1 0 0 2 0 2 2 0 0 0 
0 0 0 1 1 0 0 0 0 1 0 1 0 0 0 0 0 0 0 0 1 0 0 0 2 1 0 0 0 0 1 0 0 1 1 0 0 2 0 1 1 0 0 0 
0 1 0 0 1 0 0 0 0 1 0 NA 0 0 0 0 0 1 0 1 1 1 1 0 1 0 0 1 0 0 1 0 0 1 1 0 2 0 2 0 0 1 0 0 
1 0 0 0 0 0 0 0 0 1 0 1 1 0 0 0 0 1 0 0 0 0 0 0 0 0 0 2 0 0 2 0 2 2 0 2 0 0 0 2 0 0 1 1 
0 1 0 1 2 0 0 0 0 0 1 2 0 0 0 0 0 0 0 0 1 0 0 0 1 1 0 1 0 0 2 0 1 2 0 1 1 0 1 1 0 1 1 1 
0 1 0 0 1 0 0 0 2 1 1 1 0 0 0 0 0 0 0 0 0 0 0 0 0 0 0 2 0 0 1 0 1 1 1 1 0 1 0 2 1 0 1 1 
0 1 0 1 2 0 0 0 0 0 0 2 0 0 0 0 0 0 0 1 0 0 0 0 2 0 0 0 1 0 1 2 0 0 2 0 0 1 0 0 0 0 0 1 
0 0 0 0 0 1 0 0 0 1 1 0 0 0 1 0 1 0 0 0 0 0 0 0 2 0 0 0 1 0 0 1 0 0 1 0 1 1 1 0 0 1 0 1 
1 1 1 0 1 0 0 0 0 1 1 1 0 1 0 0 0 0 0 0 1 0 0 0 0 0 0 1 0 0 0 0 0 0 0 0 2 0 2 0 0 1 1 1 
0 0 0 0 0 0 0 0 1 1 0 1 1 0 0 0 0 1 0 0 1 0 0 0 0 0 0 1 0 0 0 0 0 0 1 0 1 1 0 1 1 0 0 0 
0 0 0 0 0 0 0 0 0 2 0 0 0 0 0 0 0 1 0 1 1 1 1 0 2 0 1 0 0 0 0 0 0 1 1 0 0 1 0 1 1 0 0 1 
1 1 0 0 1 0 0 0 0 1 NA 1 0 0 0 0 0 1 0 1 1 1 1 0 2 1 1 0 0 0 1 0 0 2 0 0 0 0 0 1 1 0 0 0 
0 0 0 0 0 0 0 0 0 1 0 1 1 0 0 0 0 1 0 1 0 1 1 0 2 0 1 1 0 0 1 0 1 1 1 1 0 1 0 1 0 0 1 1 
0 1 1 1 1 0 0 0 0 1 0 1 0 0 0 0 0 0 0 0 0 0 0 0 1 0 0 0 0 0 0 1 1 1 0 1 1 0 1 1 0 1 1 1 
0 0 0 0 0 0 0 0 1 0 0 2 2 1 0 0 0 2 1 1 0 1 1 0 1 1 0 0 0 0 1 0 1 2 0 1 1 0 1 1 0 1 0 0 
0 1 1 1 1 0 0 0 0 1 0 1 0 0 0 0 0 1 0 1 0 1 1 0 1 0 1 1 0 0 1 0 0 1 1 0 0 1 0 2 2 0 0 0 
1 1 1 1 1 0 0 0 0 1 0 1 0 0 0 0 0 0 0 1 0 0 0 1 1 0 0 1 0 1 2 0 1 1 1 1 1 0 1 1 0 0 2 2 
0 2 2 0 2 0 0 0 0 0 0 2 0 1 0 0 0 0 0 1 1 0 0 0 1 0 0 0 0 0 0 1 0 0 2 0 1 1 0 1 1 0 0 0 
1 1 0 0 1 0 0 0 0 1 1 1 NA 0 0 0 0 0 1 0 0 0 0 1 0 0 0 1 0 0 1 0 1 2 0 1 0 0 0 1 0 0 1 1 
0 0 0 0 0 0 1 0 0 2 0 0 0 0 0 1 0 0 0 1 0 1 1 0 2 0 0 0 0 1 1 0 0 1 1 0 1 1 0 1 1 0 1 1 
0 0 0 1 1 0 0 0 0 1 0 1 0 0 0 0 0 0 0 0 1 0 0 0 1 1 0 1 0 0 2 0 1 2 1 1 1 0 1 1 0 0 1 2 
0 1 1 0 1 0 1 0 0 1 0 1 0 1 0 1 0 0 0 1 1 1 1 0 1 1 0 1 0 0 2 0 1 2 0 1 1 0 1 1 0 0 1 2 
2 1 1 0 1 0 0 0 1 1 1 1 0 1 0 0 0 1 0 1 1 1 1 0 1 0 1 0 0 0 0 1 0 1 1 0 0 1 0 2 2 0 0 0 
0 0 0 1 1 0 0 0 0 1 0 1 0 0 0 0 0 0 0 0 1 0 0 0 1 1 0 1 0 0 2 0 0 1 0 0 2 0 2 0 0 2 0 0 
0 0 0 0 0 0 0 0 0 2 0 0 0 1 0 0 0 0 0 0 0 0 0 0 1 0 0 1 0 0 0 0 0 1 0 0 1 1 1 1 1 1 0 0 
0 0 0 0 0 0 0 0 0 0 1 2 2 1 0 0 0 2 2 0 0 0 0 0 1 1 0 0 0 0 1 0 0 2 0 0 1 0 1 0 0 1 0 0 
0 1 0 0 1 0 0 0 1 1 1 1 0 0 0 0 0 0 0 0 0 0 0 0 1 0 0 1 0 0 1 0 1 1 1 1 0 1 0 2 1 0 1 1 
0 2 0 0 2 0 0 0 0 0 1 2 0 0 0 0 0 0 1 0 0 0 0 0 1 0 0 NA 0 0 1 0 0 1 0 1 1 0 1 1 0 1 1 1 
1 2 2 1 2 0 0 1 1 0 0 2 0 1 0 0 0 0 0 1 0 0 0 0 0 0 0 2 0 0 1 0 0 0 1 0 1 1 1 1 1 1 0 0 
1 1 1 0 1 0 0 1 0 0 0 2 1 0 0 0 0 1 1 1 0 0 0 0 0 0 0 1 0 0 1 0 0 1 1 0 0 1 0 1 1 0 0 0 
0 1 1 1 1 0 0 0 1 1 0 1 0 1 0 0 0 0 0 0 0 0 0 0 0 0 0 2 0 0 1 0 0 0 0 0 1 0 1 1 0 1 0 0 
0 0 0 1 1 0 0 0 0 1 0 1 0 1 0 0 0 1 0 2 0 1 1 1 1 0 1 0 0 0 0 0 0 2 0 0 0 0 0 1 1 0 0 0 
1 1 1 1 1 0 0 0 0 1 0 1 0 0 0 0 0 0 0 1 0 0 0 1 1 0 0 1 0 0 2 1 1 1 0 1 1 0 1 1 0 1 1 1 
0 0 0 0 0 0 0 0 1 2 1 0 0 1 0 0 0 0 0 0 0 0 0 0 0 0 0 1 0 0 1 0 1 1 1 1 1 0 1 1 0 1 1 1 
0 1 1 0 1 0 0 1 1 1 0 1 0 0 0 0 0 0 0 0 0 0 0 0 1 0 0 1 0 0 0 0 0 0 1 0 0 2 0 2 2 0 0 0 
0 1 0 0 1 0 1 0 1 1 0 1 0 0 0 1 0 0 0 1 0 1 NA 0 2 0 0 0 0 2 2 0 0 0 1 0 1 1 1 1 1 0 1 1 
0 1 1 0 1 1 0 1 0 0 1 1 0 0 1 0 1 0 0 0 0 0 0 1 2 1 0 0 1 0 1 1 1 2 0 0 2 0 2 0 0 0 0 1 
1 0 0 0 0 0 0 0 0 1 0 1 0 0 0 0 0 0 0 1 0 0 0 0 2 0 0 2 0 0 1 0 0 0 1 0 0 1 0 2 1 0 1 1 
0 1 1 1 2 0 0 1 1 0 0 2 0 0 0 0 0 0 0 0 1 0 0 1 2 2 0 0 0 0 2 0 0 2 0 0 2 0 2 0 0 1 0 1 
1 1 1 0 1 0 0 0 2 1 1 1 0 1 0 0 0 0 0 0 1 0 0 1 1 0 0 1 0 0 2 1 1 1 1 1 1 0 1 1 0 0 1 2 
0 0 0 0 0 0 1 0 0 2 0 0 0 0 0 1 0 0 0 1 0 0 0 0 0 0 0 2 0 0 1 0 0 0 2 0 0 2 0 1 1 0 0 1 
0 0 0 0 0 1 0 0 1 1 0 0 0 0 1 0 1 0 0 0 0 0 0 0 1 0 0 1 1 0 0 1 1 1 0 0 1 1 1 1 1 0 0 0 
0 0 0 0 0 0 0 0 1 1 0 1 1 0 0 0 0 1 1 0 0 0 0 0 0 0 0 1 0 0 0 0 0 1 0 0 0 0 0 1 0 0 0 0 
0 0 0 0 0 0 0 0 0 2 1 0 0 0 0 0 0 0 0 0 0 0 0 0 1 0 0 1 0 0 1 0 1 2 1 1 0 1 0 2 1 0 1 1 
0 2 1 0 2 0 0 0 0 0 0 2 0 0 0 0 0 0 0 0 1 0 0 0 1 0 0 2 0 0 1 0 0 0 1 0 0 1 0 1 0 0 0 1 
0 0 0 1 1 1 0 0 0 0 1 1 0 1 1 0 1 0 0 1 0 0 0 0 2 0 1 1 1 0 1 2 0 0 1 1 0 1 0 1 0 0 0 1 
0 2 1 1 2 0 0 0 0 0 1 2 0 0 0 0 0 0 0 0 1 0 0 0 2 1 0 0 1 0 1 1 1 2 0 0 1 0 1 0 0 0 0 0 
0 1 1 0 1 0 0 0 1 1 0 1 0 0 0 0 0 0 0 1 0 0 0 0 1 0 1 2 0 0 2 1 1 1 2 1 0 1 0 1 0 0 1 2 
0 0 0 0 0 0 0 0 1 2 0 0 0 0 0 0 0 0 0 0 0 0 0 0 0 0 0 2 0 0 1 0 0 1 0 0 1 1 1 1 1 1 0 0 
0 0 0 0 0 0 0 0 0 2 1 0 0 1 0 0 0 0 0 0 0 0 0 0 1 0 0 1 0 0 1 0 0 0 1 0 0 2 0 2 2 0 0 0 
1 0 0 0 0 0 0 0 1 2 0 0 0 0 0 0 0 0 0 0 0 0 0 1 0 0 0 2 0 0 1 0 1 1 0 1 0 1 0 2 0 0 1 1 
0 0 0 0 0 0 0 0 1 2 0 0 0 0 0 0 0 0 0 0 0 0 0 0 1 0 0 1 1 0 1 1 1 1 1 1 0 1 0 1 0 0 1 2 
1 0 0 0 0 1 0 0 1 1 0 0 0 0 1 0 1 0 0 0 0 0 1 1 1 0 0 1 0 1 2 0 1 1 0 1 1 0 1 1 0 0 2 2 
0 1 1 1 1 1 0 0 2 0 0 1 0 0 1 0 1 0 0 0 0 0 0 1 0 0 0 2 0 0 1 0 0 0 1 0 2 0 1 0 0 1 0 0 
1 0 0 0 0 0 0 0 1 2 0 0 0 0 0 0 0 0 0 0 0 0 0 1 0 0 0 2 0 0 2 0 2 2 0 2 0 0 0 2 0 0 1 1 
1 1 1 1 1 0 0 0 1 NA 0 1 0 0 0 0 0 0 0 0 0 0 0 2 0 0 0 2 0 0 2 0 2 2 0 2 0 0 0 2 0 0 2 2 
0 0 0 0 0 0 0 0 0 2 1 0 0 0 0 0 0 0 0 0 0 0 0 0 0 0 0 2 0 0 0 0 0 0 0 0 1 1 1 1 1 1 0 0 
0 0 0 0 0 0 0 0 0 2 0 0 0 0 0 0 0 0 0 0 0 0 0 0 0 0 0 1 0 0 1 0 1 1 1 1 1 0 1 1 0 1 1 1 
1 2 1 0 2 0 0 1 0 0 0 2 0 0 0 0 0 0 0 1 0 0 0 0 1 0 0 1 0 NA 2 0 0 0 2 0 0 2 0 1 1 0 0 0 
0 0 0 0 0 0 0 0 0 2 0 0 0 0 0 0 0 0 0 0 0 0 0 0 1 1 0 1 0 0 1 0 0 1 0 0 1 1 1 1 1 1 0 0 
1 1 1 0 1 0 0 1 0 1 0 1 0 0 0 0 0 1 0 2 0 1 1 0 1 0 1 1 0 0 1 0 1 2 0 1 0 0 0 2 1 0 1 1 
0 1 1 0 1 0 0 0 1 1 0 1 0 0 0 0 0 0 0 1 0 0 0 0 0 0 1 2 0 0 2 1 1 1 1 1 0 1 0 1 0 0 0 1 
0 1 1 1 1 0 0 0 0 1 0 1 0 0 0 0 0 0 0 0 0 0 0 0 0 0 0 2 0 0 1 0 0 0 0 0 1 1 1 1 1 1 0 0 
0 1 0 0 1 0 0 0 NA NA 0 0 0 0 0 0 0 0 0 0 1 0 0 0 1 1 0 0 0 0 0 1 0 0 1 0 2 1 1 1 1 1 0 0 
0 0 0 0 0 0 2 0 0 2 1 0 0 1 0 2 0 0 0 2 0 NA NA 0 2 0 0 0 0 1 1 0 0 0 1 0 0 1 0 2 1 0 1 1 
0 1 1 1 1 0 0 0 0 1 0 1 0 0 0 0 0 0 0 0 0 0 0 1 0 0 0 2 0 0 2 0 2 2 0 2 0 0 0 2 0 0 2 2 
0 0 0 1 1 0 0 0 0 1 0 1 0 0 0 0 0 0 0 0 1 0 0 0 1 0 0 1 0 0 1 0 0 0 1 0 1 1 1 1 1 1 0 0 
0 0 0 0 0 1 0 0 0 1 0 0 0 0 1 0 1 0 0 0 0 0 0 0 1 0 0 1 1 0 0 1 1 1 0 0 1 1 1 1 1 0 0 0 
0 1 1 0 1 0 0 0 0 1 0 1 0 0 0 0 0 0 0 0 0 0 0 0 1 0 0 1 0 0 1 1 1 1 1 1 0 1 0 1 0 0 2 2 
1 1 0 0 1 0 0 0 NA 0 0 1 1 0 0 0 0 1 0 0 0 0 0 0 0 0 0 1 0 0 1 0 1 1 0 1 1 0 1 1 0 1 1 1 
0 0 0 0 0 0 0 0 0 1 0 1 1 0 0 0 0 1 1 0 0 0 0 0 0 0 0 1 0 0 0 0 1 1 0 1 0 0 0 2 0 0 0 0 
0 0 0 0 0 0 1 0 0 2 0 0 0 0 0 1 0 0 0 1 0 1 1 0 1 0 0 0 0 0 1 0 0 0 1 0 1 1 1 1 1 1 0 0 
1 0 0 0 0 0 0 0 1 2 0 0 0 0 0 0 0 0 0 0 0 0 0 1 0 0 0 1 0 0 1 0 1 1 0 1 1 0 1 1 0 1 1 1 
0 0 0 0 0 0 1 0 2 2 0 0 0 0 0 1 0 0 0 1 0 1 1 0 1 0 0 1 0 1 2 0 1 1 2 1 0 1 0 2 1 0 1 1 
1 1 1 0 1 0 0 1 1 0 0 2 1 0 0 0 0 1 1 1 0 0 0 0 0 0 0 1 0 0 1 0 1 1 1 1 0 1 0 2 1 0 0 0 
0 1 1 0 1 0 0 1 0 0 0 2 1 0 0 0 0 1 0 1 0 0 0 0 2 0 1 1 0 0 1 1 1 2 0 0 1 0 1 0 0 0 0 0 
0 0 0 0 0 0 0 0 0 2 1 0 0 0 0 0 0 0 1 0 0 0 0 0 1 0 0 0 0 0 0 0 1 2 0 1 0 1 0 2 1 0 0 0 
0 0 0 0 0 0 1 0 0 2 0 0 0 1 0 1 0 0 0 0 0 0 0 1 1 0 0 1 0 0 1 0 1 2 0 1 1 0 0 1 0 0 1 1 
0 0 0 1 1 1 0 0 0 0 0 1 0 0 1 0 1 0 0 1 0 1 NA 0 2 0 1 0 0 0 0 0 0 0 1 0 1 1 1 0 0 1 1 1 
0 0 0 0 0 0 0 0 0 0 0 2 2 0 0 0 0 2 2 0 0 0 0 0 0 0 0 0 0 0 0 0 0 2 0 0 0 0 0 0 0 1 0 0 
0 1 1 0 1 0 0 0 0 1 0 1 0 0 0 0 0 0 0 1 1 0 0 0 0 0 0 2 0 0 0 0 1 1 1 0 1 1 1 0 0 1 1 1 
1 1 1 1 1 0 1 0 1 1 0 1 0 0 0 1 0 0 0 1 0 1 1 0 1 0 0 1 0 1 1 0 0 0 1 0 1 1 1 1 1 0 1 1 
0 0 0 0 0 0 0 0 0 1 0 1 1 0 0 0 0 1 0 0 0 0 0 0 2 0 1 2 0 0 1 1 1 2 0 1 0 0 0 1 0 0 1 1 
0 2 1 1 2 0 0 0 0 0 1 2 0 0 0 0 0 0 1 0 0 0 0 0 2 0 0 0 0 0 0 2 0 2 0 0 0 1 0 0 0 0 0 1 
0 1 1 0 1 0 1 1 0 1 0 1 0 0 0 1 0 0 0 1 0 1 1 1 2 1 0 0 0 1 2 0 1 2 0 1 1 0 1 1 0 0 1 2 
0 1 0 0 1 0 0 0 1 1 0 1 0 0 0 0 0 0 0 0 0 0 1 0 2 0 0 0 0 1 1 0 0 0 1 0 1 1 1 1 1 0 1 1 
0 2 1 1 2 0 0 0 0 0 0 2 0 0 0 0 0 0 0 1 0 1 1 0 1 0 0 1 0 0 1 0 0 0 2 0 2 0 2 0 0 1 0 0 
1 0 0 0 0 0 0 0 1 2 0 0 0 1 0 0 0 0 0 0 0 0 1 1 1 0 0 2 0 1 2 0 1 1 0 1 1 0 1 1 0 0 2 2 
0 1 1 1 2 0 0 0 0 0 0 2 0 0 0 0 0 0 0 2 0 0 0 0 2 1 1 1 0 0 1 1 0 0 1 0 0 1 0 1 1 0 0 0 
0 1 0 0 1 0 0 0 0 1 0 1 0 0 0 0 0 0 0 0 1 0 0 0 2 0 0 0 0 0 2 0 0 1 1 0 1 0 1 0 0 1 0 0 
0 1 NA 1 2 0 0 NA 1 0 0 2 0 0 0 0 0 0 0 1 1 0 0 0 1 1 0 NA 0 0 2 0 1 2 0 1 1 0 1 1 0 1 1 1 
0 0 0 0 0 0 0 0 1 2 0 0 0 0 0 0 0 0 0 0 0 0 0 0 0 0 0 2 0 0 0 0 0 0 0 0 0 2 0 2 2 1 0 0 
0 0 0 0 0 0 0 0 0 2 0 0 0 0 0 NA 0 0 0 0 0 0 0 0 NA 1 0 2 0 0 0 0 0 0 0 0 2 0 2 0 0 2 0 0 
1 1 1 0 1 0 0 0 0 1 0 1 0 0 0 0 0 0 0 0 1 0 0 1 0 0 0 1 0 0 1 0 1 1 0 1 1 0 1 1 0 1 0 1 
0 0 0 1 1 1 0 0 1 0 0 1 0 0 1 0 1 0 0 0 0 0 0 NA 2 0 0 0 0 0 2 0 0 0 2 0 0 2 0 2 2 0 0 0 
0 0 0 0 0 1 0 0 0 1 0 0 0 0 1 0 1 0 0 0 0 0 0 0 1 0 0 1 1 0 1 0 1 1 1 1 0 1 0 1 0 0 1 1 
