,Importance_scores
0,3.3306690738754696e-16
672,3.3306690738754696e-16
659,3.3306690738754696e-16
660,3.3306690738754696e-16
661,3.3306690738754696e-16
662,3.3306690738754696e-16
663,3.3306690738754696e-16
664,3.3306690738754696e-16
665,3.3306690738754696e-16
666,3.3306690738754696e-16
667,3.3306690738754696e-16
668,3.3306690738754696e-16
669,3.3306690738754696e-16
670,3.3306690738754696e-16
671,3.3306690738754696e-16
673,3.3306690738754696e-16
688,3.3306690738754696e-16
674,3.3306690738754696e-16
675,3.3306690738754696e-16
676,3.3306690738754696e-16
677,3.3306690738754696e-16
678,3.3306690738754696e-16
679,3.3306690738754696e-16
680,3.3306690738754696e-16
681,3.3306690738754696e-16
682,3.3306690738754696e-16
683,3.3306690738754696e-16
684,3.3306690738754696e-16
685,3.3306690738754696e-16
686,3.3306690738754696e-16
658,3.3306690738754696e-16
657,3.3306690738754696e-16
656,3.3306690738754696e-16
655,3.3306690738754696e-16
628,3.3306690738754696e-16
629,3.3306690738754696e-16
630,3.3306690738754696e-16
631,3.3306690738754696e-16
632,3.3306690738754696e-16
633,3.3306690738754696e-16
634,3.3306690738754696e-16
635,3.3306690738754696e-16
636,3.3306690738754696e-16
637,3.3306690738754696e-16
638,3.3306690738754696e-16
639,3.3306690738754696e-16
640,3.3306690738754696e-16
641,3.3306690738754696e-16
642,3.3306690738754696e-16
643,3.3306690738754696e-16
