,Importance_scores
485,0.009731288636347618
785,0.007631221546682639
654,0.005942646052575257
368,0.0057334606866403445
234,0.005106356473400435
249,0.0049259067460196895
924,0.004871225834524975
625,0.004729247760442954
539,0.004588747639046138
482,0.00442084561624406
302,0.004338281370275771
28,0.004272832917600319
34,0.004205361843357608
787,0.004174835894479126
898,0.004154058153540651
575,0.004145673504439079
571,0.004123530371673421
219,0.004093567950117432
223,0.004065999364187176
215,0.004037601482358454
828,0.003997123162568674
254,0.0039730471967026155
864,0.003939617207306734
827,0.003865069242131423
796,0.003861456294932439
805,0.003853760607135483
811,0.0037561054741520467
435,0.003748018058599984
351,0.0037323732467555784
956,0.0035820220662503574
624,0.0035635724333215246
421,0.0035065955768248344
76,0.0034351008764040777
308,0.0033517763685029316
615,0.003346535960182321
620,0.0033178647375892126
220,0.0032900005095660074
783,0.0032861844262753953
214,0.0032790651610364
253,0.003250893368387988
673,0.003231217066424353
650,0.003194952680971397
715,0.0031655677016997797
307,0.003153165387540588
292,0.0031338203061529873
603,0.003107222323203483
927,0.0030844399884301316
729,0.003077371885604921
243,0.0030674857230933443
364,0.003053197289816324
