,Importance_scores
707,0.03090909090909144
706,0.029090909090909556
821,0.02272727272727315
819,0.021818181818182292
817,0.02136363636363675
818,0.020909090909091266
816,0.019545454545454866
674,0.01863636363636395
953,0.01772727272727309
673,0.017727272727273036
269,0.016818181818182065
417,0.014545454545454806
444,0.01363636363636389
716,0.013636363636363835
419,0.013181818181818461
672,0.01272727272727292
418,0.012272727272727546
32,0.012272727272727435
714,0.012272727272727324
627,0.01181818181818206
261,0.011818181818182005
34,0.01181818181818195
793,0.010454545454545605
260,0.01000000000000012
715,0.009090909090909205
606,0.009090909090909205
594,0.00863636363636372
773,0.008181818181818401
654,0.00818181818181829
116,0.00818181818181829
114,0.00772727272727286
772,0.007272727272727431
497,0.007272727272727431
498,0.007272727272727431
526,0.007272727272727431
664,0.006363636363636571
775,0.00636363636363646
179,0.00636363636363646
892,0.00590909090909103
941,0.005454545454545601
118,0.00545454545454549
500,0.0050000000000001155
23,0.0050000000000001155
109,0.00500000000000006
612,0.00454545454545463
657,0.00454545454545463
120,0.0040909090909092005
991,0.0040909090909092005
675,0.0036363636363637153
51,0.0036363636363637153
